offset,size,type 917 917 2000 1
0,1024,0
1024,1024,0
2048,1024,0
3072,1024,0
4096,1024,0
5120,1024,0
6144,1024,0
7168,1024,0
8192,1024,0
9216,1024,0
10240,1024,1
1024,1024,0
11264,1024,0
12288,1024,1
13312,1024,0
1024,1024,0
14336,1024,0
15360,1024,0
16384,1024,0
17408,1024,1
7168,1024,0
15360,1024,0
18432,1024,0
19456,1024,0
20480,1024,0
21504,1024,0
22528,1024,0
23552,1024,0
24576,1024,0
7168,1024,0
25600,1024,1
26624,1024,0
27648,1024,0
28672,1024,0
29696,1024,1
30720,1024,0
31744,1024,0
7168,1024,0
26624,1024,0
7168,1024,0
32768,1024,0
33792,1024,0
34816,1024,1
35840,1024,0
36864,1024,0
37888,1024,0
7168,1024,0
38912,1024,0
39936,1024,0
40960,1024,0
41984,1024,1
11264,1024,0
43008,1024,1
44032,1024,0
45056,1024,0
7168,1024,0
21504,1024,1
21504,1024,1
46080,1024,1
7168,1024,0
47104,1024,1
15360,1024,0
48128,1024,0
7168,1024,0
49152,1024,0
50176,1024,1
51200,1024,0
52224,1024,0
53248,1024,0
54272,1024,0
15360,1024,0
55296,1024,0
51200,1024,0
21504,1024,0
56320,1024,0
57344,1024,1
7168,1024,1
58368,1024,1
59392,1024,1
7168,1024,0
60416,1024,0
61440,1024,0
62464,1024,1
63488,1024,0
39936,1024,0
64512,1024,0
65536,1024,0
66560,1024,1
67584,1024,0
68608,1024,0
11264,1024,0
69632,1024,0
70656,1024,1
7168,1024,1
71680,1024,0
7168,1024,0
72704,1024,1
73728,1024,1
74752,1024,0
7168,1024,0
75776,1024,0
76800,1024,0
77824,1024,1
78848,1024,0
7168,1024,0
79872,1024,0
7168,1024,0
80896,1024,0
81920,1024,0
7168,1024,0
7168,1024,1
50176,1024,1
82944,1024,0
83968,1024,1
21504,1024,0
84992,1024,0
15360,1024,0
86016,1024,0
87040,1024,0
88064,1024,0
48128,1024,0
89088,1024,0
90112,1024,1
91136,1024,1
7168,1024,0
92160,1024,0
93184,1024,0
15360,1024,0
15360,1024,1
94208,1024,0
95232,1024,0
96256,1024,0
97280,1024,0
98304,1024,0
50176,1024,0
21504,1024,0
70656,1024,0
99328,1024,0
100352,1024,0
28672,1024,0
7168,1024,0
101376,1024,0
102400,1024,0
103424,1024,1
1024,1024,0
104448,1024,1
105472,1024,0
106496,1024,0
107520,1024,0
108544,1024,1
1024,1024,0
109568,1024,0
110592,1024,0
30720,1024,1
21504,1024,0
111616,1024,0
112640,1024,1
15360,1024,0
113664,1024,0
114688,1024,0
115712,1024,0
15360,1024,0
116736,1024,0
70656,1024,1
15360,1024,0
7168,1024,0
117760,1024,0
7168,1024,0
77824,1024,0
118784,1024,0
119808,1024,0
120832,1024,1
121856,1024,0
122880,1024,0
123904,1024,0
124928,1024,0
125952,1024,0
15360,1024,0
126976,1024,0
15360,1024,0
128000,1024,0
51200,1024,0
70656,1024,0
129024,1024,0
7168,1024,0
130048,1024,0
131072,1024,0
132096,1024,0
21504,1024,0
7168,1024,0
7168,1024,0
7168,1024,0
133120,1024,1
7168,1024,1
134144,1024,0
39936,1024,1
104448,1024,0
135168,1024,0
136192,1024,0
7168,1024,0
21504,1024,0
137216,1024,0
138240,1024,0
139264,1024,0
15360,1024,0
140288,1024,0
21504,1024,0
50176,1024,1
141312,1024,0
142336,1024,0
143360,1024,0
144384,1024,1
12288,1024,0
50176,1024,0
50176,1024,1
145408,1024,0
146432,1024,0
7168,1024,0
147456,1024,0
148480,1024,0
59392,1024,0
149504,1024,0
15360,1024,0
150528,1024,0
151552,1024,0
104448,1024,0
152576,1024,0
153600,1024,0
7168,1024,0
154624,1024,0
155648,1024,0
156672,1024,0
21504,1024,1
70656,1024,0
51200,1024,0
7168,1024,0
15360,1024,0
70656,1024,0
15360,1024,0
57344,1024,0
15360,1024,1
157696,1024,0
7168,1024,0
15360,1024,0
158720,1024,0
159744,1024,0
160768,1024,0
7168,1024,0
93184,1024,0
86016,1024,0
161792,1024,0
7168,1024,0
7168,1024,0
162816,1024,0
163840,1024,0
15360,1024,1
86016,1024,0
164864,1024,0
59392,1024,1
165888,1024,0
70656,1024,1
83968,1024,0
166912,1024,0
167936,1024,0
168960,1024,0
7168,1024,0
169984,1024,0
171008,1024,1
172032,1024,0
55296,1024,1
76800,1024,0
21504,1024,0
93184,1024,0
173056,1024,1
174080,1024,0
70656,1024,0
175104,1024,0
176128,1024,0
57344,1024,1
177152,1024,1
178176,1024,1
86016,1024,0
179200,1024,0
180224,1024,0
59392,1024,1
15360,1024,0
181248,1024,0
182272,1024,0
183296,1024,0
184320,1024,0
7168,1024,0
7168,1024,0
185344,1024,0
186368,1024,0
187392,1024,0
188416,1024,0
15360,1024,0
15360,1024,1
189440,1024,0
190464,1024,0
11264,1024,0
191488,1024,0
192512,1024,0
21504,1024,0
193536,1024,0
194560,1024,1
195584,1024,0
196608,1024,0
197632,1024,0
21504,1024,0
198656,1024,0
199680,1024,0
200704,1024,0
11264,1024,0
201728,1024,0
70656,1024,0
202752,1024,0
7168,1024,0
203776,1024,0
204800,1024,1
7168,1024,0
11264,1024,1
7168,1024,0
205824,1024,0
206848,1024,0
130048,1024,1
207872,1024,0
208896,1024,0
209920,1024,0
210944,1024,0
211968,1024,0
212992,1024,0
15360,1024,0
70656,1024,0
7168,1024,0
214016,1024,0
7168,1024,0
21504,1024,0
15360,1024,0
215040,1024,1
216064,1024,1
217088,1024,0
21504,1024,0
39936,1024,0
218112,1024,0
15360,1024,0
219136,1024,0
7168,1024,0
7168,1024,0
50176,1024,0
70656,1024,0
7168,1024,0
220160,1024,1
7168,1024,0
221184,1024,0
220160,1024,1
11264,1024,0
222208,1024,0
77824,1024,0
59392,1024,0
223232,1024,1
224256,1024,0
195584,1024,0
225280,1024,0
226304,1024,0
7168,1024,0
7168,1024,0
21504,1024,0
227328,1024,0
228352,1024,0
11264,1024,0
104448,1024,0
229376,1024,0
230400,1024,1
1024,1024,0
231424,1024,1
232448,1024,1
233472,1024,1
7168,1024,0
234496,1024,0
235520,1024,0
201728,1024,0
236544,1024,0
70656,1024,0
7168,1024,0
7168,1024,1
237568,1024,0
238592,1024,0
64512,1024,0
130048,1024,0
239616,1024,0
240640,1024,1
1024,1024,1
241664,1024,0
93184,1024,1
242688,1024,1
243712,1024,0
244736,1024,0
245760,1024,1
246784,1024,0
247808,1024,0
248832,1024,0
7168,1024,0
7168,1024,0
249856,1024,0
250880,1024,0
57344,1024,0
7168,1024,1
251904,1024,0
252928,1024,0
15360,1024,0
253952,1024,1
13312,1024,0
254976,1024,0
256000,1024,0
257024,1024,1
258048,1024,0
130048,1024,1
76800,1024,0
70656,1024,0
259072,1024,0
260096,1024,0
51200,1024,0
11264,1024,0
59392,1024,0
64512,1024,0
261120,1024,0
7168,1024,0
39936,1024,0
262144,1024,0
263168,1024,0
264192,1024,1
55296,1024,0
265216,1024,0
7168,1024,0
266240,1024,1
7168,1024,0
7168,1024,0
267264,1024,0
268288,1024,0
269312,1024,0
7168,1024,1
270336,1024,0
26624,1024,0
271360,1024,0
7168,1024,0
7168,1024,0
13312,1024,1
70656,1024,0
21504,1024,0
272384,1024,0
273408,1024,0
274432,1024,0
15360,1024,0
165888,1024,0
15360,1024,1
275456,1024,0
22528,1024,0
272384,1024,0
252928,1024,0
21504,1024,1
276480,1024,0
277504,1024,0
278528,1024,0
11264,1024,0
279552,1024,0
201728,1024,0
7168,1024,0
280576,1024,1
15360,1024,0
21504,1024,0
86016,1024,1
281600,1024,1
130048,1024,0
15360,1024,0
282624,1024,1
283648,1024,0
284672,1024,0
15360,1024,1
196608,1024,1
1024,1024,0
7168,1024,0
15360,1024,0
7168,1024,0
285696,1024,0
286720,1024,0
15360,1024,0
287744,1024,0
220160,1024,0
26624,1024,0
288768,1024,0
258048,1024,0
289792,1024,0
76800,1024,0
290816,1024,1
291840,1024,0
292864,1024,0
293888,1024,0
70656,1024,0
21504,1024,0
294912,1024,0
15360,1024,1
295936,1024,0
296960,1024,1
297984,1024,0
299008,1024,0
7168,1024,0
11264,1024,0
300032,1024,0
21504,1024,0
301056,1024,0
302080,1024,0
7168,1024,0
303104,1024,0
21504,1024,0
7168,1024,1
1024,1024,0
304128,1024,0
305152,1024,0
21504,1024,1
306176,1024,0
7168,1024,0
70656,1024,1
307200,1024,1
308224,1024,0
7168,1024,1
7168,1024,0
7168,1024,0
309248,1024,1
310272,1024,0
311296,1024,0
7168,1024,0
59392,1024,1
312320,1024,0
7168,1024,0
313344,1024,0
59392,1024,0
314368,1024,1
315392,1024,0
104448,1024,1
196608,1024,0
316416,1024,0
317440,1024,1
318464,1024,0
7168,1024,0
319488,1024,0
320512,1024,0
321536,1024,0
322560,1024,0
323584,1024,0
324608,1024,0
15360,1024,0
325632,1024,0
7168,1024,0
57344,1024,1
326656,1024,0
7168,1024,1
7168,1024,0
327680,1024,0
7168,1024,0
328704,1024,1
15360,1024,1
329728,1024,0
330752,1024,0
11264,1024,0
331776,1024,0
86016,1024,0
55296,1024,0
21504,1024,0
332800,1024,1
7168,1024,1
104448,1024,1
333824,1024,0
334848,1024,0
335872,1024,0
336896,1024,0
337920,1024,0
7168,1024,0
7168,1024,1
7168,1024,0
338944,1024,0
339968,1024,0
7168,1024,0
340992,1024,0
15360,1024,0
342016,1024,0
11264,1024,0
343040,1024,0
62464,1024,1
344064,1024,0
7168,1024,0
15360,1024,0
345088,1024,0
346112,1024,0
347136,1024,0
21504,1024,1
348160,1024,0
349184,1024,1
350208,1024,1
351232,1024,1
15360,1024,0
7168,1024,0
352256,1024,0
7168,1024,0
7168,1024,0
7168,1024,0
353280,1024,0
15360,1024,0
55296,1024,0
354304,1024,0
355328,1024,0
356352,1024,0
26624,1024,0
357376,1024,0
202752,1024,0
21504,1024,1
21504,1024,1
21504,1024,0
50176,1024,1
358400,1024,0
359424,1024,0
360448,1024,0
361472,1024,0
362496,1024,0
363520,1024,0
364544,1024,0
365568,1024,1
7168,1024,1
130048,1024,0
366592,1024,1
241664,1024,1
21504,1024,0
367616,1024,0
368640,1024,1
21504,1024,0
369664,1024,0
370688,1024,0
371712,1024,0
7168,1024,1
372736,1024,0
135168,1024,0
7168,1024,1
70656,1024,0
130048,1024,1
50176,1024,0
373760,1024,1
374784,1024,0
375808,1024,0
26624,1024,0
376832,1024,0
377856,1024,0
301056,1024,0
378880,1024,0
379904,1024,0
380928,1024,1
7168,1024,0
177152,1024,0
104448,1024,0
381952,1024,0
382976,1024,1
384000,1024,0
7168,1024,0
1024,1024,0
7168,1024,0
385024,1024,0
386048,1024,0
387072,1024,0
7168,1024,0
1024,1024,0
388096,1024,1
15360,1024,0
84992,1024,0
26624,1024,0
7168,1024,0
389120,1024,1
390144,1024,0
11264,1024,0
1024,1024,0
391168,1024,0
392192,1024,0
7168,1024,0
130048,1024,0
393216,1024,0
7168,1024,0
394240,1024,0
395264,1024,0
396288,1024,0
7168,1024,0
397312,1024,0
15360,1024,0
398336,1024,0
131072,1024,0
11264,1024,0
399360,1024,0
15360,1024,1
11264,1024,0
400384,1024,0
131072,1024,1
15360,1024,0
207872,1024,0
15360,1024,0
401408,1024,0
30720,1024,0
77824,1024,0
21504,1024,1
28672,1024,0
59392,1024,1
402432,1024,0
403456,1024,0
15360,1024,0
7168,1024,0
404480,1024,0
130048,1024,0
405504,1024,0
7168,1024,0
135168,1024,0
7168,1024,0
406528,1024,0
21504,1024,1
407552,1024,0
408576,1024,0
301056,1024,0
409600,1024,0
410624,1024,0
59392,1024,1
7168,1024,0
15360,1024,0
15360,1024,0
70656,1024,1
411648,1024,0
86016,1024,1
412672,1024,0
413696,1024,0
414720,1024,0
415744,1024,0
416768,1024,0
417792,1024,0
418816,1024,0
130048,1024,0
1024,1024,0
130048,1024,1
57344,1024,1
7168,1024,0
11264,1024,1
15360,1024,0
419840,1024,1
15360,1024,0
420864,1024,0
421888,1024,0
15360,1024,1
289792,1024,0
422912,1024,0
423936,1024,0
7168,1024,1
15360,1024,0
424960,1024,0
130048,1024,0
83968,1024,1
327680,1024,0
425984,1024,0
15360,1024,0
15360,1024,1
427008,1024,1
428032,1024,0
7168,1024,0
429056,1024,0
430080,1024,0
70656,1024,0
7168,1024,0
431104,1024,0
76800,1024,0
15360,1024,0
15360,1024,0
432128,1024,0
76800,1024,0
15360,1024,0
130048,1024,0
15360,1024,0
7168,1024,1
433152,1024,1
11264,1024,0
434176,1024,0
230400,1024,0
11264,1024,0
59392,1024,0
258048,1024,0
435200,1024,1
436224,1024,0
77824,1024,0
7168,1024,1
437248,1024,0
438272,1024,0
291840,1024,0
439296,1024,0
440320,1024,0
62464,1024,0
441344,1024,1
76800,1024,0
442368,1024,0
443392,1024,0
444416,1024,1
7168,1024,1
445440,1024,0
11264,1024,0
446464,1024,0
1024,1024,0
447488,1024,0
77824,1024,0
7168,1024,0
448512,1024,0
207872,1024,1
70656,1024,0
131072,1024,1
59392,1024,1
449536,1024,0
15360,1024,0
450560,1024,0
451584,1024,0
130048,1024,1
7168,1024,1
452608,1024,0
453632,1024,0
15360,1024,1
11264,1024,0
7168,1024,0
454656,1024,0
455680,1024,0
6144,1024,0
456704,1024,0
457728,1024,1
458752,1024,0
459776,1024,0
460800,1024,1
203776,1024,0
461824,1024,1
7168,1024,0
86016,1024,0
7168,1024,0
336896,1024,0
57344,1024,0
130048,1024,0
77824,1024,0
1024,1024,0
7168,1024,1
462848,1024,0
463872,1024,0
464896,1024,1
465920,1024,0
50176,1024,0
21504,1024,0
55296,1024,1
104448,1024,1
466944,1024,0
70656,1024,1
21504,1024,0
45056,1024,1
130048,1024,0
21504,1024,1
467968,1024,0
468992,1024,0
62464,1024,0
470016,1024,0
76800,1024,1
59392,1024,0
7168,1024,0
21504,1024,0
471040,1024,0
131072,1024,0
11264,1024,0
472064,1024,0
21504,1024,0
473088,1024,0
7168,1024,0
11264,1024,0
474112,1024,0
21504,1024,0
475136,1024,0
476160,1024,0
57344,1024,1
477184,1024,0
475136,1024,1
15360,1024,1
15360,1024,0
478208,1024,1
7168,1024,0
104448,1024,0
11264,1024,0
79872,1024,0
7168,1024,0
7168,1024,0
39936,1024,1
479232,1024,0
480256,1024,0
1024,1024,0
59392,1024,0
77824,1024,0
481280,1024,0
478208,1024,0
482304,1024,1
483328,1024,0
7168,1024,0
1024,1024,0
15360,1024,0
324608,1024,0
1024,1024,0
104448,1024,0
70656,1024,1
336896,1024,0
484352,1024,0
21504,1024,0
7168,1024,0
485376,1024,0
486400,1024,0
33792,1024,1
487424,1024,0
21504,1024,0
392192,1024,0
488448,1024,0
55296,1024,0
489472,1024,0
111616,1024,0
11264,1024,0
339968,1024,1
7168,1024,0
15360,1024,1
490496,1024,1
491520,1024,0
492544,1024,0
130048,1024,0
86016,1024,0
301056,1024,0
493568,1024,0
273408,1024,1
494592,1024,0
7168,1024,1
495616,1024,0
7168,1024,0
496640,1024,0
497664,1024,0
498688,1024,1
7168,1024,0
499712,1024,0
500736,1024,0
7168,1024,0
7168,1024,0
462848,1024,0
501760,1024,1
15360,1024,0
502784,1024,0
70656,1024,1
111616,1024,0
21504,1024,1
503808,1024,0
59392,1024,1
21504,1024,1
7168,1024,0
504832,1024,0
505856,1024,1
506880,1024,0
21504,1024,1
507904,1024,0
508928,1024,1
509952,1024,0
510976,1024,0
512000,1024,1
7168,1024,0
11264,1024,0
513024,1024,0
7168,1024,1
15360,1024,0
514048,1024,0
15360,1024,0
39936,1024,0
515072,1024,1
1024,1024,0
21504,1024,0
516096,1024,1
517120,1024,0
1024,1024,0
339968,1024,0
518144,1024,0
519168,1024,0
15360,1024,0
499712,1024,0
520192,1024,0
15360,1024,0
521216,1024,0
7168,1024,0
522240,1024,0
523264,1024,0
524288,1024,0
525312,1024,0
526336,1024,0
527360,1024,0
528384,1024,0
15360,1024,1
529408,1024,0
70656,1024,1
530432,1024,1
57344,1024,0
7168,1024,1
531456,1024,0
532480,1024,1
21504,1024,0
533504,1024,0
7168,1024,0
534528,1024,0
7168,1024,0
7168,1024,0
15360,1024,0
21504,1024,0
535552,1024,0
135168,1024,0
536576,1024,0
7168,1024,1
537600,1024,0
51200,1024,0
538624,1024,0
315392,1024,0
131072,1024,0
83968,1024,0
484352,1024,0
539648,1024,0
21504,1024,0
540672,1024,0
21504,1024,0
541696,1024,0
392192,1024,0
542720,1024,0
7168,1024,0
543744,1024,0
544768,1024,0
7168,1024,0
545792,1024,0
70656,1024,0
546816,1024,1
547840,1024,0
548864,1024,0
549888,1024,1
464896,1024,0
86016,1024,0
59392,1024,0
315392,1024,0
15360,1024,0
15360,1024,0
11264,1024,0
550912,1024,0
21504,1024,0
15360,1024,0
1024,1024,0
200704,1024,0
551936,1024,0
552960,1024,0
7168,1024,0
59392,1024,0
553984,1024,0
7168,1024,1
555008,1024,0
70656,1024,0
7168,1024,0
476160,1024,1
301056,1024,0
104448,1024,0
57344,1024,0
7168,1024,0
556032,1024,1
557056,1024,0
558080,1024,1
559104,1024,0
21504,1024,0
7168,1024,1
12288,1024,0
15360,1024,1
7168,1024,1
86016,1024,0
560128,1024,0
55296,1024,1
561152,1024,0
7168,1024,0
562176,1024,1
563200,1024,0
564224,1024,0
39936,1024,0
50176,1024,0
565248,1024,0
77824,1024,0
21504,1024,0
228352,1024,0
566272,1024,0
21504,1024,0
567296,1024,1
70656,1024,0
568320,1024,0
11264,1024,0
15360,1024,0
7168,1024,0
569344,1024,1
7168,1024,0
570368,1024,0
571392,1024,0
55296,1024,0
59392,1024,0
460800,1024,0
572416,1024,0
15360,1024,0
55296,1024,0
7168,1024,0
7168,1024,1
573440,1024,0
574464,1024,0
7168,1024,0
7168,1024,0
15360,1024,1
575488,1024,0
200704,1024,0
7168,1024,0
195584,1024,0
55296,1024,0
59392,1024,0
576512,1024,1
132096,1024,0
55296,1024,1
577536,1024,0
1024,1024,0
21504,1024,0
578560,1024,0
15360,1024,0
392192,1024,1
579584,1024,0
59392,1024,0
70656,1024,0
59392,1024,0
580608,1024,0
581632,1024,1
582656,1024,0
583680,1024,0
220160,1024,0
21504,1024,0
148480,1024,0
584704,1024,0
7168,1024,0
7168,1024,0
15360,1024,1
7168,1024,0
414720,1024,1
585728,1024,1
586752,1024,0
15360,1024,0
131072,1024,0
587776,1024,0
7168,1024,0
15360,1024,0
15360,1024,0
207872,1024,0
588800,1024,0
589824,1024,0
590848,1024,0
559104,1024,0
7168,1024,0
70656,1024,0
131072,1024,0
301056,1024,0
15360,1024,0
591872,1024,1
15360,1024,0
592896,1024,1
7168,1024,0
21504,1024,0
458752,1024,0
593920,1024,0
55296,1024,0
11264,1024,0
594944,1024,0
30720,1024,0
595968,1024,1
21504,1024,1
59392,1024,0
7168,1024,0
596992,1024,0
148480,1024,0
11264,1024,0
104448,1024,0
86016,1024,0
598016,1024,0
11264,1024,0
11264,1024,0
201728,1024,0
599040,1024,0
7168,1024,0
325632,1024,0
600064,1024,1
15360,1024,0
89088,1024,1
195584,1024,0
55296,1024,0
21504,1024,0
55296,1024,1
55296,1024,1
105472,1024,0
7168,1024,1
70656,1024,0
70656,1024,0
7168,1024,0
15360,1024,0
593920,1024,0
7168,1024,0
21504,1024,0
11264,1024,0
601088,1024,0
602112,1024,0
77824,1024,1
603136,1024,0
7168,1024,0
182272,1024,0
604160,1024,0
605184,1024,0
606208,1024,0
15360,1024,0
1024,1024,1
607232,1024,0
70656,1024,1
7168,1024,0
50176,1024,0
6144,1024,0
93184,1024,1
57344,1024,1
7168,1024,1
608256,1024,1
609280,1024,0
339968,1024,0
610304,1024,0
611328,1024,0
15360,1024,0
612352,1024,0
7168,1024,0
137216,1024,1
7168,1024,0
186368,1024,0
15360,1024,0
613376,1024,0
70656,1024,0
614400,1024,0
315392,1024,0
15360,1024,0
7168,1024,1
615424,1024,0
616448,1024,0
617472,1024,0
618496,1024,1
619520,1024,0
620544,1024,0
15360,1024,0
621568,1024,0
15360,1024,1
622592,1024,1
1024,1024,0
623616,1024,0
485376,1024,0
624640,1024,0
83968,1024,0
482304,1024,0
48128,1024,0
77824,1024,0
625664,1024,1
626688,1024,0
582656,1024,1
627712,1024,1
1024,1024,0
77824,1024,0
628736,1024,0
59392,1024,0
21504,1024,0
629760,1024,0
21504,1024,0
630784,1024,0
7168,1024,0
7168,1024,0
7168,1024,0
408576,1024,1
631808,1024,0
104448,1024,0
1024,1024,0
324608,1024,1
632832,1024,0
633856,1024,0
70656,1024,0
104448,1024,0
634880,1024,1
635904,1024,0
11264,1024,0
636928,1024,1
283648,1024,0
15360,1024,0
7168,1024,0
7168,1024,0
637952,1024,0
638976,1024,0
7168,1024,0
640000,1024,0
15360,1024,0
70656,1024,0
21504,1024,0
641024,1024,0
642048,1024,0
643072,1024,0
11264,1024,0
70656,1024,0
201728,1024,0
7168,1024,0
644096,1024,1
645120,1024,0
646144,1024,0
51200,1024,0
21504,1024,0
647168,1024,1
648192,1024,1
649216,1024,0
11264,1024,1
650240,1024,0
651264,1024,1
652288,1024,1
653312,1024,0
104448,1024,0
21504,1024,1
654336,1024,0
70656,1024,0
59392,1024,0
414720,1024,1
57344,1024,1
655360,1024,1
7168,1024,0
656384,1024,0
7168,1024,1
657408,1024,0
658432,1024,0
659456,1024,0
660480,1024,0
661504,1024,0
301056,1024,1
21504,1024,0
662528,1024,0
7168,1024,0
663552,1024,1
664576,1024,0
665600,1024,0
21504,1024,0
666624,1024,0
667648,1024,0
76800,1024,0
1024,1024,0
11264,1024,0
668672,1024,0
669696,1024,0
130048,1024,0
670720,1024,1
671744,1024,0
672768,1024,0
673792,1024,0
7168,1024,1
28672,1024,1
83968,1024,1
7168,1024,0
674816,1024,1
675840,1024,0
676864,1024,0
7168,1024,0
388096,1024,0
677888,1024,1
11264,1024,0
201728,1024,0
678912,1024,0
77824,1024,0
86016,1024,0
11264,1024,0
679936,1024,0
70656,1024,0
7168,1024,1
55296,1024,0
680960,1024,0
7168,1024,0
681984,1024,0
683008,1024,1
684032,1024,0
7168,1024,0
21504,1024,0
685056,1024,0
15360,1024,0
686080,1024,0
7168,1024,1
687104,1024,0
688128,1024,0
267264,1024,0
689152,1024,0
690176,1024,0
691200,1024,0
59392,1024,0
7168,1024,1
7168,1024,0
692224,1024,1
562176,1024,0
21504,1024,0
693248,1024,0
70656,1024,1
86016,1024,0
694272,1024,0
7168,1024,0
695296,1024,0
696320,1024,0
11264,1024,1
7168,1024,0
7168,1024,0
388096,1024,1
7168,1024,0
449536,1024,1
697344,1024,1
698368,1024,1
699392,1024,0
7168,1024,1
60416,1024,0
339968,1024,0
130048,1024,0
700416,1024,0
701440,1024,1
15360,1024,0
702464,1024,1
703488,1024,0
51200,1024,0
704512,1024,0
705536,1024,0
55296,1024,0
706560,1024,0
707584,1024,0
574464,1024,0
7168,1024,1
582656,1024,0
7168,1024,0
708608,1024,0
7168,1024,0
70656,1024,0
709632,1024,0
7168,1024,1
77824,1024,1
77824,1024,0
72704,1024,0
710656,1024,0
711680,1024,0
517120,1024,0
712704,1024,0
713728,1024,0
714752,1024,0
715776,1024,0
716800,1024,0
15360,1024,0
15360,1024,0
1024,1024,1
15360,1024,1
15360,1024,1
717824,1024,0
482304,1024,0
11264,1024,1
7168,1024,0
15360,1024,0
7168,1024,0
718848,1024,1
719872,1024,0
720896,1024,1
721920,1024,0
7168,1024,0
722944,1024,0
723968,1024,0
7168,1024,0
724992,1024,0
726016,1024,0
83968,1024,0
302080,1024,0
7168,1024,0
7168,1024,0
7168,1024,0
727040,1024,0
728064,1024,1
729088,1024,0
7168,1024,0
83968,1024,0
302080,1024,0
93184,1024,0
730112,1024,0
731136,1024,0
22528,1024,0
11264,1024,0
7168,1024,0
104448,1024,1
201728,1024,1
86016,1024,0
732160,1024,0
7168,1024,0
70656,1024,0
7168,1024,1
733184,1024,0
15360,1024,0
734208,1024,0
15360,1024,0
130048,1024,0
21504,1024,1
735232,1024,1
562176,1024,0
11264,1024,0
736256,1024,0
7168,1024,0
11264,1024,0
421888,1024,1
371712,1024,0
15360,1024,0
483328,1024,0
10240,1024,0
737280,1024,1
131072,1024,0
80896,1024,0
7168,1024,0
738304,1024,1
406528,1024,0
160768,1024,0
70656,1024,0
739328,1024,0
15360,1024,0
449536,1024,0
304128,1024,0
740352,1024,0
21504,1024,0
741376,1024,0
70656,1024,0
77824,1024,0
15360,1024,0
742400,1024,0
743424,1024,0
744448,1024,0
745472,1024,0
746496,1024,0
165888,1024,1
55296,1024,0
747520,1024,0
748544,1024,0
749568,1024,0
750592,1024,0
21504,1024,0
751616,1024,0
752640,1024,1
15360,1024,0
753664,1024,1
754688,1024,1
1024,1024,0
755712,1024,0
70656,1024,0
756736,1024,0
15360,1024,1
757760,1024,0
758784,1024,0
76800,1024,0
93184,1024,0
315392,1024,0
759808,1024,0
760832,1024,0
761856,1024,0
93184,1024,0
602112,1024,1
55296,1024,1
59392,1024,0
762880,1024,0
763904,1024,0
21504,1024,1
764928,1024,0
765952,1024,0
13312,1024,0
7168,1024,0
546816,1024,0
201728,1024,1
766976,1024,0
768000,1024,0
769024,1024,1
315392,1024,0
7168,1024,0
770048,1024,0
771072,1024,0
772096,1024,0
7168,1024,0
62464,1024,0
1024,1024,0
7168,1024,0
508928,1024,0
39936,1024,0
11264,1024,0
7168,1024,0
773120,1024,0
7168,1024,0
7168,1024,1
7168,1024,0
7168,1024,1
774144,1024,0
775168,1024,0
509952,1024,1
76800,1024,1
472064,1024,1
776192,1024,0
777216,1024,0
30720,1024,0
203776,1024,0
778240,1024,1
779264,1024,0
780288,1024,0
7168,1024,0
73728,1024,0
781312,1024,0
15360,1024,0
11264,1024,0
104448,1024,0
77824,1024,0
11264,1024,0
55296,1024,1
233472,1024,0
782336,1024,0
7168,1024,0
783360,1024,0
21504,1024,0
76800,1024,0
784384,1024,1
7168,1024,0
785408,1024,0
786432,1024,0
77824,1024,0
787456,1024,0
7168,1024,0
788480,1024,1
789504,1024,0
62464,1024,0
790528,1024,1
15360,1024,0
21504,1024,1
36864,1024,0
70656,1024,1
7168,1024,1
791552,1024,0
792576,1024,0
592896,1024,0
7168,1024,1
793600,1024,1
794624,1024,0
111616,1024,0
15360,1024,0
795648,1024,0
50176,1024,0
7168,1024,1
70656,1024,0
83968,1024,1
796672,1024,1
7168,1024,0
797696,1024,0
7168,1024,0
562176,1024,0
202752,1024,0
21504,1024,0
798720,1024,0
799744,1024,0
22528,1024,0
800768,1024,0
21504,1024,0
7168,1024,0
801792,1024,0
203776,1024,1
315392,1024,1
181248,1024,0
130048,1024,0
802816,1024,1
1024,1024,0
291840,1024,0
21504,1024,1
684032,1024,0
7168,1024,0
803840,1024,0
804864,1024,0
7168,1024,0
805888,1024,1
806912,1024,0
807936,1024,0
808960,1024,1
809984,1024,0
7168,1024,1
7168,1024,0
7168,1024,0
77824,1024,1
811008,1024,0
15360,1024,0
21504,1024,0
812032,1024,0
77824,1024,0
48128,1024,0
813056,1024,0
7168,1024,0
104448,1024,0
615424,1024,1
51200,1024,0
814080,1024,0
7168,1024,0
815104,1024,0
7168,1024,0
30720,1024,0
131072,1024,1
75776,1024,0
816128,1024,0
1024,1024,0
62464,1024,0
11264,1024,0
817152,1024,0
818176,1024,0
656384,1024,0
448512,1024,1
130048,1024,1
819200,1024,0
820224,1024,0
582656,1024,0
21504,1024,1
821248,1024,0
822272,1024,1
823296,1024,0
201728,1024,1
824320,1024,0
825344,1024,0
86016,1024,0
826368,1024,0
7168,1024,0
827392,1024,0
1024,1024,0
7168,1024,1
7168,1024,1
7168,1024,0
195584,1024,0
70656,1024,0
104448,1024,0
57344,1024,1
131072,1024,1
7168,1024,1
1024,1024,1
828416,1024,0
829440,1024,0
15360,1024,0
830464,1024,1
109568,1024,1
15360,1024,0
194560,1024,0
10240,1024,0
21504,1024,0
21504,1024,0
831488,1024,1
832512,1024,0
7168,1024,0
833536,1024,0
7168,1024,0
7168,1024,0
449536,1024,0
834560,1024,0
15360,1024,0
116736,1024,0
835584,1024,0
86016,1024,0
836608,1024,0
837632,1024,1
838656,1024,0
11264,1024,0
7168,1024,0
839680,1024,1
840704,1024,0
462848,1024,0
841728,1024,0
93184,1024,0
57344,1024,0
842752,1024,0
843776,1024,0
59392,1024,1
7168,1024,0
844800,1024,1
50176,1024,0
845824,1024,1
79872,1024,1
520192,1024,0
214016,1024,0
7168,1024,0
752640,1024,0
131072,1024,0
429056,1024,0
846848,1024,1
15360,1024,0
449536,1024,0
79872,1024,0
15360,1024,0
131072,1024,0
11264,1024,0
847872,1024,0
15360,1024,0
848896,1024,0
849920,1024,0
850944,1024,0
851968,1024,0
7168,1024,0
852992,1024,0
854016,1024,0
855040,1024,0
11264,1024,0
11264,1024,0
850944,1024,0
131072,1024,0
856064,1024,0
7168,1024,1
21504,1024,0
857088,1024,0
363520,1024,0
1024,1024,0
220160,1024,0
770048,1024,1
201728,1024,0
7168,1024,0
858112,1024,0
11264,1024,0
104448,1024,0
859136,1024,1
7168,1024,0
860160,1024,0
11264,1024,1
7168,1024,1
21504,1024,0
7168,1024,0
11264,1024,0
61440,1024,0
408576,1024,0
21504,1024,1
15360,1024,0
59392,1024,0
861184,1024,0
57344,1024,0
21504,1024,0
15360,1024,0
862208,1024,0
863232,1024,0
864256,1024,0
55296,1024,0
59392,1024,0
7168,1024,0
865280,1024,1
866304,1024,0
867328,1024,1
131072,1024,0
462848,1024,0
50176,1024,0
868352,1024,0
869376,1024,0
870400,1024,0
7168,1024,0
55296,1024,0
871424,1024,1
872448,1024,0
873472,1024,0
874496,1024,0
7168,1024,1
1024,1024,0
61440,1024,0
15360,1024,0
875520,1024,0
21504,1024,0
876544,1024,0
877568,1024,0
11264,1024,0
878592,1024,0
342016,1024,0
879616,1024,0
70656,1024,0
7168,1024,0
7168,1024,0
7168,1024,0
880640,1024,0
881664,1024,0
882688,1024,0
21504,1024,1
883712,1024,0
884736,1024,0
202752,1024,0
885760,1024,0
324608,1024,0
55296,1024,1
886784,1024,0
887808,1024,0
888832,1024,1
104448,1024,0
7168,1024,0
392192,1024,1
7168,1024,0
130048,1024,0
30720,1024,0
7168,1024,0
759808,1024,0
195584,1024,0
7168,1024,0
7168,1024,0
889856,1024,0
21504,1024,0
890880,1024,0
891904,1024,0
892928,1024,0
131072,1024,0
15360,1024,1
7168,1024,0
893952,1024,0
77824,1024,0
894976,1024,0
896000,1024,0
897024,1024,0
898048,1024,1
201728,1024,1
899072,1024,0
900096,1024,0
7168,1024,0
130048,1024,0
901120,1024,1
93184,1024,0
902144,1024,0
70656,1024,1
903168,1024,0
392192,1024,0
904192,1024,0
131072,1024,1
570368,1024,0
7168,1024,0
905216,1024,0
271360,1024,1
7168,1024,0
148480,1024,0
906240,1024,0
59392,1024,1
1024,1024,1
522240,1024,0
907264,1024,0
70656,1024,0
908288,1024,1
909312,1024,1
70656,1024,1
7168,1024,0
7168,1024,0
910336,1024,0
911360,1024,0
912384,1024,0
7168,1024,0
325632,1024,0
913408,1024,1
914432,1024,0
894976,1024,0
111616,1024,0
41984,1024,0
199680,1024,0
6144,1024,0
7168,1024,0
915456,1024,0
916480,1024,0
1024,1024,0
917504,1024,0
7168,1024,0
7168,1024,0
918528,1024,1
919552,1024,0
15360,1024,0
7168,1024,0
920576,1024,0
921600,1024,0
70656,1024,0
200704,1024,0
922624,1024,0
923648,1024,0
924672,1024,0
925696,1024,0
7168,1024,1
926720,1024,0
130048,1024,0
927744,1024,0
928768,1024,0
15360,1024,0
731136,1024,0
752640,1024,0
929792,1024,0
70656,1024,0
201728,1024,0
930816,1024,0
931840,1024,0
92160,1024,0
656384,1024,0
932864,1024,0
933888,1024,1
1024,1024,0
934912,1024,0
51200,1024,1
935936,1024,0
936960,1024,0
70656,1024,0
11264,1024,0
55296,1024,0
937984,1024,0
