offset,size,type 716 716 2000 64
0,65536,0
65536,65536,1
131072,65536,0
196608,65536,0
262144,65536,1
0,65536,0
327680,65536,1
393216,65536,1
458752,65536,0
524288,65536,1
589824,65536,0
655360,65536,0
720896,65536,0
786432,65536,1
851968,65536,0
917504,65536,0
983040,65536,0
1048576,65536,1
1114112,65536,0
0,65536,0
0,65536,0
851968,65536,0
720896,65536,1
1179648,65536,1
1245184,65536,0
1310720,65536,1
1376256,65536,0
1441792,65536,0
1507328,65536,1
851968,65536,0
1572864,65536,1
720896,65536,1
720896,65536,0
1638400,65536,0
1703936,65536,1
589824,65536,1
1769472,65536,0
0,65536,0
1835008,65536,1
1900544,65536,0
851968,65536,1
720896,65536,0
1966080,65536,1
2031616,65536,1
2097152,65536,1
2162688,65536,1
2228224,65536,0
720896,65536,0
2293760,65536,1
2359296,65536,0
720896,65536,1
720896,65536,0
2424832,65536,1
2490368,65536,0
2555904,65536,1
2621440,65536,0
2686976,65536,1
1376256,65536,0
2752512,65536,0
2818048,65536,0
2883584,65536,1
720896,65536,0
2949120,65536,1
589824,65536,0
3014656,65536,0
2031616,65536,0
1376256,65536,1
851968,65536,0
3080192,65536,0
3145728,65536,0
3145728,65536,0
3211264,65536,0
1376256,65536,0
851968,65536,0
3276800,65536,0
851968,65536,0
720896,65536,0
0,65536,0
3342336,65536,0
3407872,65536,1
3473408,65536,0
851968,65536,0
720896,65536,1
851968,65536,1
2031616,65536,1
3538944,65536,1
720896,65536,1
3604480,65536,0
3670016,65536,1
3735552,65536,0
3801088,65536,0
720896,65536,0
851968,65536,0
720896,65536,0
3866624,65536,0
3932160,65536,1
3997696,65536,0
2752512,65536,0
4063232,65536,0
4128768,65536,1
720896,65536,0
3997696,65536,0
720896,65536,1
720896,65536,1
4194304,65536,0
4259840,65536,1
1048576,65536,0
4325376,65536,1
4390912,65536,0
2752512,65536,0
4456448,65536,0
851968,65536,0
3014656,65536,1
4521984,65536,0
720896,65536,0
4587520,65536,0
4653056,65536,1
851968,65536,0
4718592,65536,0
4784128,65536,1
4849664,65536,0
0,65536,0
4915200,65536,0
0,65536,1
4980736,65536,0
0,65536,1
262144,65536,0
5046272,65536,0
5111808,65536,1
1048576,65536,0
1376256,65536,1
0,65536,1
5177344,65536,0
5242880,65536,0
5308416,65536,0
5373952,65536,1
5373952,65536,0
2752512,65536,1
5439488,65536,1
4653056,65536,0
4849664,65536,0
5505024,65536,0
720896,65536,0
5570560,65536,1
5636096,65536,1
3604480,65536,0
5701632,65536,0
5767168,65536,1
5832704,65536,0
720896,65536,0
5898240,65536,1
0,65536,1
720896,65536,0
5963776,65536,0
720896,65536,1
851968,65536,1
720896,65536,1
720896,65536,0
6029312,65536,1
6094848,65536,0
6160384,65536,1
3145728,65536,1
851968,65536,1
6225920,65536,0
6291456,65536,1
6356992,65536,0
6422528,65536,0
6488064,65536,1
2752512,65536,0
6553600,65536,0
6619136,65536,1
720896,65536,0
5963776,65536,0
6684672,65536,1
4390912,65536,0
6750208,65536,1
6815744,65536,1
720896,65536,0
6881280,65536,1
6946816,65536,0
7012352,65536,0
7077888,65536,0
655360,65536,0
0,65536,1
851968,65536,0
7143424,65536,1
7208960,65536,1
7274496,65536,0
720896,65536,0
720896,65536,1
1376256,65536,1
720896,65536,0
0,65536,0
851968,65536,0
7340032,65536,1
0,65536,1
2555904,65536,0
720896,65536,0
7405568,65536,0
7471104,65536,0
7536640,65536,0
7602176,65536,1
2752512,65536,0
851968,65536,0
7667712,65536,1
720896,65536,1
4980736,65536,0
262144,65536,0
7733248,65536,1
851968,65536,0
7798784,65536,0
7864320,65536,0
7929856,65536,0
7995392,65536,0
720896,65536,0
720896,65536,0
2752512,65536,0
8060928,65536,1
720896,65536,1
720896,65536,0
8126464,65536,1
720896,65536,0
0,65536,0
5308416,65536,0
8192000,65536,1
8257536,65536,0
8323072,65536,1
8388608,65536,0
6488064,65536,0
8454144,65536,0
8519680,65536,0
8585216,65536,0
8650752,65536,0
851968,65536,0
851968,65536,0
8716288,65536,1
8781824,65536,0
720896,65536,1
8847360,65536,1
8912896,65536,1
0,65536,0
8978432,65536,1
9043968,65536,0
4849664,65536,1
9109504,65536,0
1376256,65536,0
9175040,65536,1
720896,65536,1
720896,65536,0
3145728,65536,0
720896,65536,1
4456448,65536,1
9240576,65536,1
851968,65536,0
9306112,65536,1
262144,65536,1
262144,65536,0
9371648,65536,0
9437184,65536,0
851968,65536,1
851968,65536,1
3145728,65536,0
9502720,65536,0
9568256,65536,1
9633792,65536,0
2555904,65536,0
9699328,65536,0
4390912,65536,0
0,65536,0
7012352,65536,1
720896,65536,1
5308416,65536,1
9764864,65536,0
9830400,65536,0
5308416,65536,0
9895936,65536,1
9961472,65536,0
720896,65536,1
720896,65536,0
10027008,65536,0
0,65536,0
851968,65536,0
4915200,65536,0
10092544,65536,1
10158080,65536,0
720896,65536,0
10223616,65536,1
720896,65536,1
10289152,65536,0
851968,65536,0
851968,65536,0
0,65536,1
720896,65536,0
10354688,65536,1
10420224,65536,0
10485760,65536,0
10551296,65536,1
1376256,65536,0
10616832,65536,1
4980736,65536,0
10682368,65536,0
851968,65536,0
720896,65536,1
10747904,65536,0
5505024,65536,0
8716288,65536,1
10813440,65536,0
589824,65536,0
720896,65536,0
10878976,65536,1
3145728,65536,0
720896,65536,0
7798784,65536,1
10944512,65536,0
851968,65536,1
11010048,65536,0
11075584,65536,0
0,65536,1
11141120,65536,1
11206656,65536,0
720896,65536,0
11272192,65536,0
2752512,65536,0
11337728,65536,1
851968,65536,0
11403264,65536,0
720896,65536,0
11468800,65536,0
720896,65536,0
1376256,65536,0
851968,65536,0
11534336,65536,1
720896,65536,0
11599872,65536,0
720896,65536,1
262144,65536,0
11665408,65536,0
2752512,65536,0
11730944,65536,0
9109504,65536,1
720896,65536,1
11796480,65536,0
11862016,65536,1
262144,65536,1
6488064,65536,1
11927552,65536,0
11993088,65536,1
12058624,65536,0
12124160,65536,0
0,65536,1
12189696,65536,0
12255232,65536,1
1376256,65536,1
12320768,65536,0
4390912,65536,0
12386304,65536,0
8781824,65536,0
12451840,65536,0
12517376,65536,0
851968,65536,0
720896,65536,0
12255232,65536,0
5308416,65536,1
12582912,65536,0
12648448,65536,0
12713984,65536,0
0,65536,0
12779520,65536,0
12845056,65536,0
12910592,65536,0
720896,65536,0
12976128,65536,0
13041664,65536,1
720896,65536,0
13107200,65536,1
13172736,65536,0
8388608,65536,1
0,65536,0
13238272,65536,0
13303808,65536,0
11010048,65536,1
5373952,65536,0
1376256,65536,0
13369344,65536,1
851968,65536,0
13434880,65536,0
720896,65536,1
13500416,65536,0
13565952,65536,0
720896,65536,1
13631488,65536,1
851968,65536,0
720896,65536,1
11010048,65536,0
851968,65536,0
13697024,65536,0
13762560,65536,1
2752512,65536,1
13828096,65536,0
851968,65536,0
13893632,65536,1
0,65536,0
589824,65536,1
13959168,65536,0
4390912,65536,0
14024704,65536,0
14090240,65536,1
7012352,65536,1
720896,65536,0
851968,65536,1
3145728,65536,1
720896,65536,1
4390912,65536,0
14155776,65536,1
10289152,65536,1
14221312,65536,1
4849664,65536,1
1376256,65536,0
14286848,65536,0
14352384,65536,1
14417920,65536,0
14483456,65536,1
589824,65536,0
14548992,65536,0
8323072,65536,1
14614528,65536,0
14680064,65536,0
720896,65536,0
5308416,65536,1
4915200,65536,0
14745600,65536,0
262144,65536,0
14811136,65536,1
14876672,65536,0
589824,65536,1
851968,65536,1
14942208,65536,1
720896,65536,0
15007744,65536,0
15073280,65536,1
589824,65536,0
720896,65536,0
15138816,65536,0
15204352,65536,0
851968,65536,1
15269888,65536,1
851968,65536,0
15335424,65536,0
8323072,65536,1
589824,65536,1
15400960,65536,0
720896,65536,1
15466496,65536,1
15532032,65536,0
5308416,65536,0
15597568,65536,1
15663104,65536,1
6946816,65536,1
720896,65536,1
15728640,65536,1
0,65536,0
15794176,65536,0
15859712,65536,0
262144,65536,0
15925248,65536,0
8519680,65536,1
5308416,65536,0
11730944,65536,0
15990784,65536,0
16056320,65536,0
6488064,65536,1
10813440,65536,1
16121856,65536,0
16187392,65536,0
0,65536,0
720896,65536,0
16252928,65536,1
720896,65536,1
2752512,65536,0
851968,65536,1
16318464,65536,0
16384000,65536,0
16449536,65536,1
0,65536,0
16515072,65536,0
16580608,65536,0
2686976,65536,0
16646144,65536,0
16711680,65536,0
720896,65536,0
16777216,65536,0
8388608,65536,0
2752512,65536,1
1900544,65536,1
720896,65536,0
15400960,65536,0
720896,65536,1
16842752,65536,1
16908288,65536,1
720896,65536,1
720896,65536,0
1376256,65536,0
16973824,65536,1
17039360,65536,0
0,65536,1
16187392,65536,1
17104896,65536,0
13107200,65536,0
2752512,65536,0
13369344,65536,0
17170432,65536,1
17235968,65536,0
17301504,65536,0
17367040,65536,0
17432576,65536,1
12779520,65536,0
17498112,65536,0
12582912,65536,0
3145728,65536,1
1376256,65536,0
17563648,65536,0
17629184,65536,0
17694720,65536,0
10551296,65536,0
7602176,65536,1
4390912,65536,1
7405568,65536,1
5308416,65536,0
2555904,65536,0
17760256,65536,0
17825792,65536,0
4390912,65536,0
851968,65536,0
0,65536,1
12648448,65536,0
589824,65536,1
5308416,65536,1
17891328,65536,1
4390912,65536,1
720896,65536,1
17956864,65536,0
720896,65536,1
18022400,65536,0
720896,65536,1
6488064,65536,0
1376256,65536,0
16187392,65536,0
0,65536,0
18087936,65536,1
2752512,65536,0
13762560,65536,0
720896,65536,0
720896,65536,1
18153472,65536,1
18219008,65536,0
4390912,65536,0
11862016,65536,0
9568256,65536,0
18284544,65536,0
851968,65536,1
14876672,65536,1
5308416,65536,0
0,65536,1
655360,65536,0
18350080,65536,0
2686976,65536,0
18415616,65536,0
18481152,65536,0
851968,65536,1
262144,65536,0
0,65536,0
9699328,65536,1
720896,65536,0
851968,65536,1
18546688,65536,1
1703936,65536,0
18415616,65536,0
0,65536,1
1376256,65536,1
720896,65536,0
7798784,65536,0
851968,65536,0
851968,65536,0
3145728,65536,0
18612224,65536,0
7471104,65536,0
18677760,65536,1
18743296,65536,0
851968,65536,1
18808832,65536,1
3145728,65536,0
0,65536,0
1376256,65536,0
18874368,65536,0
18939904,65536,0
851968,65536,1
720896,65536,1
0,65536,0
19005440,65536,1
851968,65536,0
720896,65536,1
720896,65536,0
19070976,65536,0
9699328,65536,0
851968,65536,0
19136512,65536,0
19202048,65536,1
0,65536,1
19267584,65536,0
0,65536,0
7733248,65536,1
8323072,65536,1
720896,65536,1
19333120,65536,0
1376256,65536,0
19398656,65536,0
19464192,65536,0
19529728,65536,1
720896,65536,1
720896,65536,1
720896,65536,0
851968,65536,1
19595264,65536,1
720896,65536,1
4390912,65536,0
851968,65536,0
19660800,65536,1
19726336,65536,0
851968,65536,0
17367040,65536,0
11927552,65536,1
1376256,65536,0
2752512,65536,0
851968,65536,1
19791872,65536,1
720896,65536,1
19857408,65536,1
19922944,65536,0
14680064,65536,0
720896,65536,1
19988480,65536,0
11534336,65536,1
262144,65536,0
4390912,65536,1
20054016,65536,1
18153472,65536,0
20119552,65536,0
20185088,65536,0
0,65536,0
720896,65536,1
851968,65536,0
20250624,65536,0
12976128,65536,0
4980736,65536,0
4915200,65536,0
4849664,65536,0
20316160,65536,0
20381696,65536,1
720896,65536,1
262144,65536,0
720896,65536,1
20447232,65536,0
20512768,65536,0
720896,65536,0
20578304,65536,0
589824,65536,0
12648448,65536,0
20643840,65536,1
14745600,65536,1
5832704,65536,0
720896,65536,0
13762560,65536,0
20709376,65536,0
15007744,65536,1
20774912,65536,1
720896,65536,0
20840448,65536,0
17825792,65536,0
720896,65536,1
20905984,65536,0
12320768,65536,0
20971520,65536,0
2490368,65536,0
8716288,65536,0
21037056,65536,1
18677760,65536,1
1376256,65536,0
21102592,65536,1
2752512,65536,0
2752512,65536,0
720896,65536,0
21168128,65536,0
0,65536,1
21233664,65536,1
21299200,65536,0
720896,65536,1
15269888,65536,0
720896,65536,1
21364736,65536,0
0,65536,0
21430272,65536,1
21495808,65536,1
21561344,65536,1
5308416,65536,0
21626880,65536,0
21692416,65536,1
21757952,65536,1
21823488,65536,0
21889024,65536,1
21954560,65536,1
720896,65536,0
22020096,65536,1
720896,65536,0
12320768,65536,1
589824,65536,1
4849664,65536,0
5308416,65536,0
720896,65536,1
851968,65536,0
720896,65536,0
720896,65536,1
0,65536,1
262144,65536,0
22085632,65536,1
2752512,65536,0
4128768,65536,0
22151168,65536,0
3145728,65536,0
4390912,65536,1
22216704,65536,1
22282240,65536,1
2555904,65536,0
7208960,65536,1
22347776,65536,1
1179648,65536,0
22413312,65536,0
22478848,65536,0
6488064,65536,0
22544384,65536,0
720896,65536,0
851968,65536,0
720896,65536,0
720896,65536,0
0,65536,1
22609920,65536,0
3145728,65536,1
2621440,65536,0
851968,65536,0
720896,65536,1
0,65536,1
22675456,65536,0
22740992,65536,1
22806528,65536,1
22872064,65536,1
22937600,65536,1
851968,65536,0
23003136,65536,0
12320768,65536,0
720896,65536,0
23068672,65536,1
23134208,65536,0
15073280,65536,1
23199744,65536,0
3080192,65536,0
21757952,65536,1
23265280,65536,0
851968,65536,0
23330816,65536,1
2752512,65536,0
23396352,65536,1
720896,65536,0
262144,65536,0
23461888,65536,1
23527424,65536,1
23592960,65536,0
720896,65536,0
23658496,65536,0
6488064,65536,0
23724032,65536,1
720896,65536,0
23789568,65536,0
23855104,65536,1
23920640,65536,0
23986176,65536,0
262144,65536,0
4194304,65536,1
720896,65536,0
24051712,65536,0
589824,65536,1
720896,65536,0
720896,65536,1
24117248,65536,0
24182784,65536,0
24248320,65536,1
8323072,65536,0
17629184,65536,1
24313856,65536,1
851968,65536,0
12386304,65536,0
9568256,65536,0
24379392,65536,1
0,65536,1
24444928,65536,0
24510464,65536,1
0,65536,0
24576000,65536,0
720896,65536,0
17891328,65536,0
5308416,65536,1
720896,65536,1
5373952,65536,0
0,65536,0
12779520,65536,1
24641536,65536,1
15138816,65536,0
589824,65536,0
16515072,65536,1
24707072,65536,0
24772608,65536,0
24838144,65536,1
24903680,65536,0
24969216,65536,0
25034752,65536,1
5963776,65536,1
7798784,65536,1
25100288,65536,0
589824,65536,0
262144,65536,0
25165824,65536,0
11927552,65536,1
25231360,65536,1
25296896,65536,0
12386304,65536,0
589824,65536,0
589824,65536,1
12713984,65536,0
589824,65536,0
25362432,65536,0
851968,65536,0
589824,65536,1
851968,65536,0
25427968,65536,0
10878976,65536,1
0,65536,1
720896,65536,1
19660800,65536,0
9568256,65536,1
13762560,65536,1
25493504,65536,0
851968,65536,0
720896,65536,1
589824,65536,1
2228224,65536,0
25559040,65536,0
720896,65536,0
25624576,65536,0
720896,65536,1
25690112,65536,1
4390912,65536,0
14876672,65536,0
3145728,65536,0
1376256,65536,0
1376256,65536,0
0,65536,1
25755648,65536,0
589824,65536,1
0,65536,0
21168128,65536,1
720896,65536,0
15728640,65536,0
25821184,65536,0
16515072,65536,0
25886720,65536,0
1376256,65536,1
8388608,65536,0
24313856,65536,1
10485760,65536,0
10813440,65536,0
3145728,65536,1
12386304,65536,0
25952256,65536,0
3014656,65536,0
26017792,65536,0
26083328,65536,0
11075584,65536,1
720896,65536,1
26148864,65536,0
1376256,65536,0
26214400,65536,0
0,65536,0
589824,65536,1
16056320,65536,0
8323072,65536,1
851968,65536,0
26279936,65536,1
26345472,65536,0
26411008,65536,0
0,65536,1
0,65536,0
6553600,65536,1
26476544,65536,1
26542080,65536,0
2752512,65536,0
851968,65536,1
0,65536,0
0,65536,0
14614528,65536,1
720896,65536,0
19005440,65536,0
26607616,65536,1
26673152,65536,0
26738688,65536,0
0,65536,0
5046272,65536,1
26804224,65536,0
26869760,65536,0
8716288,65536,0
851968,65536,1
20185088,65536,0
6488064,65536,0
1376256,65536,0
2752512,65536,0
720896,65536,1
26935296,65536,0
27000832,65536,1
11927552,65536,1
1376256,65536,0
27066368,65536,0
720896,65536,0
10158080,65536,1
0,65536,0
27131904,65536,0
27197440,65536,0
27262976,65536,0
27328512,65536,0
589824,65536,0
327680,65536,1
26804224,65536,0
5636096,65536,0
8257536,65536,0
720896,65536,1
27394048,65536,1
27459584,65536,0
4915200,65536,0
27525120,65536,0
720896,65536,0
1376256,65536,0
10551296,65536,0
262144,65536,0
720896,65536,1
27590656,65536,0
27656192,65536,1
27721728,65536,1
13172736,65536,0
27787264,65536,0
24313856,65536,0
27852800,65536,0
27918336,65536,0
27983872,65536,1
720896,65536,0
655360,65536,1
28049408,65536,1
25624576,65536,0
1376256,65536,0
28114944,65536,1
3670016,65536,0
12386304,65536,1
28180480,65536,0
18087936,65536,1
2752512,65536,1
24313856,65536,0
18087936,65536,1
5308416,65536,0
6488064,65536,1
28246016,65536,0
3145728,65536,1
9961472,65536,0
720896,65536,1
1376256,65536,0
28311552,65536,0
28377088,65536,1
720896,65536,1
18743296,65536,0
28442624,65536,0
0,65536,1
720896,65536,0
6946816,65536,0
28049408,65536,1
18874368,65536,0
2752512,65536,0
720896,65536,0
28508160,65536,0
28573696,65536,1
5963776,65536,0
720896,65536,0
7405568,65536,1
4849664,65536,0
4718592,65536,1
22609920,65536,1
3014656,65536,0
28639232,65536,1
25624576,65536,0
851968,65536,1
8388608,65536,1
20316160,65536,0
28704768,65536,0
2228224,65536,1
28770304,65536,1
720896,65536,0
28835840,65536,0
720896,65536,1
11403264,65536,0
28901376,65536,0
11075584,65536,1
2949120,65536,0
22282240,65536,0
1376256,65536,0
589824,65536,1
0,65536,0
2293760,65536,0
11075584,65536,0
28966912,65536,0
720896,65536,1
9961472,65536,1
22020096,65536,0
29032448,65536,0
29097984,65536,0
6422528,65536,0
2752512,65536,0
589824,65536,0
12976128,65536,1
0,65536,0
29163520,65536,1
29229056,65536,0
851968,65536,0
29294592,65536,1
29360128,65536,0
0,65536,0
720896,65536,0
29425664,65536,0
589824,65536,0
8323072,65536,1
720896,65536,0
29491200,65536,0
720896,65536,1
29556736,65536,0
18743296,65536,1
14155776,65536,0
29622272,65536,0
29687808,65536,0
29753344,65536,0
8716288,65536,0
1966080,65536,1
26738688,65536,1
720896,65536,1
7405568,65536,0
720896,65536,0
6488064,65536,0
262144,65536,1
29818880,65536,1
29884416,65536,1
29949952,65536,0
30015488,65536,1
2752512,65536,1
9306112,65536,0
20185088,65536,0
720896,65536,1
851968,65536,0
18415616,65536,1
720896,65536,0
720896,65536,1
0,65536,1
3145728,65536,0
27394048,65536,1
30081024,65536,0
30146560,65536,0
30212096,65536,1
16646144,65536,0
720896,65536,0
2752512,65536,1
0,65536,0
30277632,65536,0
589824,65536,1
30343168,65536,1
30408704,65536,1
10027008,65536,0
851968,65536,0
30474240,65536,0
5308416,65536,0
8323072,65536,1
851968,65536,1
851968,65536,0
720896,65536,0
8257536,65536,0
30539776,65536,1
720896,65536,1
851968,65536,0
20185088,65536,1
8716288,65536,0
30605312,65536,0
30670848,65536,1
30736384,65536,0
30801920,65536,0
30867456,65536,0
30932992,65536,0
13107200,65536,0
11730944,65536,0
2752512,65536,0
25296896,65536,0
720896,65536,0
0,65536,0
10289152,65536,1
18743296,65536,1
30998528,65536,1
0,65536,0
10944512,65536,0
31064064,65536,0
31129600,65536,1
0,65536,0
16908288,65536,0
720896,65536,1
18743296,65536,1
29097984,65536,1
31195136,65536,0
6684672,65536,1
3145728,65536,0
17629184,65536,0
2752512,65536,0
0,65536,1
31260672,65536,0
27525120,65536,0
20054016,65536,1
31326208,65536,1
8585216,65536,1
720896,65536,1
31391744,65536,1
31457280,65536,0
589824,65536,0
4915200,65536,1
31522816,65536,1
720896,65536,0
720896,65536,1
851968,65536,0
31588352,65536,1
31653888,65536,0
31719424,65536,0
31784960,65536,0
15728640,65536,1
10289152,65536,1
2752512,65536,1
31850496,65536,1
9568256,65536,1
5308416,65536,0
8716288,65536,1
720896,65536,0
17498112,65536,1
720896,65536,1
1376256,65536,0
15073280,65536,1
0,65536,1
31916032,65536,0
851968,65536,1
2752512,65536,1
31981568,65536,1
32047104,65536,0
0,65536,0
7405568,65536,0
32112640,65536,0
720896,65536,0
13107200,65536,0
1376256,65536,1
32178176,65536,0
851968,65536,0
851968,65536,0
32243712,65536,1
720896,65536,1
32309248,65536,1
32374784,65536,0
18743296,65536,1
32440320,65536,0
17629184,65536,0
20316160,65536,0
32505856,65536,1
720896,65536,0
32571392,65536,1
10289152,65536,1
720896,65536,0
1376256,65536,0
720896,65536,1
589824,65536,0
0,65536,0
65536,65536,1
32636928,65536,0
6488064,65536,0
10551296,65536,1
720896,65536,0
2555904,65536,0
720896,65536,1
17629184,65536,0
589824,65536,1
720896,65536,0
32702464,65536,1
851968,65536,0
3145728,65536,0
851968,65536,1
13041664,65536,0
32768000,65536,0
14614528,65536,0
720896,65536,0
32833536,65536,0
32899072,65536,1
32964608,65536,0
20316160,65536,0
589824,65536,0
33030144,65536,0
2752512,65536,1
851968,65536,0
720896,65536,0
1376256,65536,0
0,65536,1
9961472,65536,0
33095680,65536,0
851968,65536,0
33161216,65536,1
12320768,65536,1
2752512,65536,0
33226752,65536,1
33292288,65536,0
5046272,65536,0
33357824,65536,0
11927552,65536,0
720896,65536,0
5308416,65536,0
0,65536,1
3080192,65536,0
589824,65536,0
720896,65536,1
1376256,65536,0
0,65536,0
33423360,65536,1
720896,65536,0
33488896,65536,1
33554432,65536,0
3145728,65536,0
33619968,65536,1
3670016,65536,0
720896,65536,0
20316160,65536,0
29884416,65536,1
4390912,65536,0
11075584,65536,0
2621440,65536,0
20316160,65536,0
6094848,65536,0
33685504,65536,0
33751040,65536,1
589824,65536,0
33816576,65536,1
262144,65536,1
262144,65536,0
4915200,65536,0
851968,65536,0
32964608,65536,1
0,65536,0
16187392,65536,0
720896,65536,1
8716288,65536,1
9961472,65536,0
2031616,65536,0
33882112,65536,0
8323072,65536,1
18415616,65536,0
589824,65536,0
720896,65536,0
8716288,65536,0
5308416,65536,1
33947648,65536,1
6488064,65536,0
1376256,65536,1
24641536,65536,1
1179648,65536,0
0,65536,1
2752512,65536,1
33619968,65536,0
5308416,65536,1
34013184,65536,0
589824,65536,1
34078720,65536,0
720896,65536,0
0,65536,1
34144256,65536,0
655360,65536,1
33030144,65536,1
0,65536,0
30736384,65536,0
19005440,65536,0
20447232,65536,1
8388608,65536,0
0,65536,1
720896,65536,0
0,65536,0
720896,65536,1
3080192,65536,1
24313856,65536,1
14811136,65536,1
34209792,65536,0
3014656,65536,1
34275328,65536,1
34340864,65536,0
34406400,65536,0
18350080,65536,0
5373952,65536,1
5832704,65536,0
34471936,65536,0
20316160,65536,1
8323072,65536,0
589824,65536,0
5308416,65536,0
18087936,65536,1
0,65536,1
6946816,65536,0
8847360,65536,0
720896,65536,0
5963776,65536,1
34537472,65536,0
34603008,65536,1
720896,65536,0
720896,65536,1
0,65536,1
17498112,65536,0
3604480,65536,1
720896,65536,1
0,65536,0
34668544,65536,0
34734080,65536,1
851968,65536,0
589824,65536,0
0,65536,0
720896,65536,0
589824,65536,1
34799616,65536,0
0,65536,1
34865152,65536,1
10551296,65536,0
0,65536,0
34930688,65536,0
720896,65536,1
720896,65536,0
851968,65536,0
34996224,65536,1
20054016,65536,1
720896,65536,0
0,65536,1
12320768,65536,1
11403264,65536,1
35061760,65536,0
18087936,65536,1
7405568,65536,0
35127296,65536,0
35192832,65536,0
0,65536,1
35258368,65536,0
18415616,65536,0
4849664,65536,1
35323904,65536,0
720896,65536,1
2228224,65536,0
720896,65536,1
35389440,65536,0
35454976,65536,0
35520512,65536,0
851968,65536,1
851968,65536,1
20316160,65536,0
23527424,65536,0
35586048,65536,0
0,65536,0
35651584,65536,1
3932160,65536,1
34275328,65536,0
720896,65536,0
720896,65536,0
720896,65536,1
35717120,65536,1
35782656,65536,1
0,65536,0
3145728,65536,1
720896,65536,0
10289152,65536,0
35848192,65536,0
720896,65536,0
720896,65536,0
3145728,65536,1
5832704,65536,0
655360,65536,0
720896,65536,0
0,65536,0
720896,65536,1
0,65536,1
35913728,65536,1
720896,65536,0
35979264,65536,1
11993088,65536,1
36044800,65536,0
720896,65536,1
36110336,65536,1
11075584,65536,0
18677760,65536,1
655360,65536,1
27394048,65536,0
36175872,65536,0
851968,65536,1
3145728,65536,0
36241408,65536,0
13565952,65536,1
720896,65536,0
720896,65536,1
36306944,65536,0
18087936,65536,0
262144,65536,0
720896,65536,0
36372480,65536,0
65536,65536,0
4390912,65536,1
36438016,65536,1
720896,65536,1
36503552,65536,0
5308416,65536,0
1376256,65536,1
5373952,65536,1
25690112,65536,0
36569088,65536,0
36634624,65536,1
720896,65536,0
36700160,65536,0
851968,65536,1
36765696,65536,1
720896,65536,1
14811136,65536,1
8519680,65536,1
720896,65536,1
589824,65536,0
8716288,65536,0
36831232,65536,0
23003136,65536,0
36896768,65536,0
262144,65536,0
0,65536,0
14876672,65536,0
262144,65536,1
8323072,65536,0
36962304,65536,0
851968,65536,0
6488064,65536,0
720896,65536,0
6094848,65536,1
6488064,65536,0
8257536,65536,0
10551296,65536,0
18087936,65536,0
37027840,65536,0
37093376,65536,0
13107200,65536,0
37158912,65536,1
1376256,65536,0
0,65536,1
4390912,65536,1
37224448,65536,0
14548992,65536,0
0,65536,0
0,65536,1
0,65536,1
2752512,65536,1
4390912,65536,0
8323072,65536,0
8519680,65536,0
9109504,65536,1
3145728,65536,1
1376256,65536,0
0,65536,0
1376256,65536,1
37289984,65536,0
5308416,65536,1
720896,65536,0
11927552,65536,1
37355520,65536,1
37421056,65536,1
720896,65536,0
37486592,65536,1
34406400,65536,1
720896,65536,0
2752512,65536,0
8716288,65536,1
11403264,65536,0
4390912,65536,1
37552128,65536,1
15204352,65536,0
0,65536,0
851968,65536,0
37617664,65536,0
4718592,65536,0
0,65536,0
37683200,65536,1
4194304,65536,1
720896,65536,0
8519680,65536,1
37748736,65536,0
5308416,65536,0
5308416,65536,1
851968,65536,0
8257536,65536,1
720896,65536,0
1376256,65536,0
37814272,65536,0
851968,65536,1
589824,65536,0
37879808,65536,1
5963776,65536,0
13697024,65536,0
655360,65536,0
37945344,65536,0
7012352,65536,0
10813440,65536,0
1376256,65536,1
720896,65536,0
38010880,65536,0
851968,65536,1
38076416,65536,1
10551296,65536,0
851968,65536,0
9633792,65536,1
38141952,65536,0
38207488,65536,0
38273024,65536,0
38338560,65536,0
5308416,65536,1
38404096,65536,1
36503552,65536,0
38469632,65536,1
0,65536,1
4849664,65536,0
720896,65536,0
262144,65536,0
6291456,65536,1
0,65536,0
38535168,65536,0
851968,65536,1
32243712,65536,0
720896,65536,0
38600704,65536,1
720896,65536,0
38666240,65536,1
38731776,65536,0
38797312,65536,0
8781824,65536,1
720896,65536,1
38862848,65536,1
10813440,65536,0
5308416,65536,1
12451840,65536,0
38928384,65536,1
655360,65536,0
2752512,65536,0
38993920,65536,0
39059456,65536,0
0,65536,0
720896,65536,0
15859712,65536,0
20971520,65536,0
39124992,65536,0
0,65536,0
23920640,65536,0
10813440,65536,0
720896,65536,0
39190528,65536,0
0,65536,1
262144,65536,0
39256064,65536,1
39321600,65536,0
8716288,65536,1
5373952,65536,0
589824,65536,0
39387136,65536,1
1376256,65536,0
720896,65536,0
20578304,65536,0
851968,65536,0
39452672,65536,1
39518208,65536,0
0,65536,0
2752512,65536,0
8519680,65536,0
31784960,65536,0
720896,65536,0
20447232,65536,1
5308416,65536,0
720896,65536,0
851968,65536,0
39583744,65536,1
39649280,65536,0
3080192,65536,1
36438016,65536,0
12779520,65536,0
39714816,65536,0
2752512,65536,0
262144,65536,0
0,65536,1
23265280,65536,0
39780352,65536,1
39845888,65536,0
720896,65536,1
720896,65536,0
720896,65536,0
31129600,65536,0
10747904,65536,0
851968,65536,1
39911424,65536,1
39976960,65536,0
720896,65536,0
23396352,65536,1
40042496,65536,0
40108032,65536,0
0,65536,1
720896,65536,1
40173568,65536,1
720896,65536,0
40239104,65536,1
720896,65536,0
40304640,65536,0
0,65536,0
40370176,65536,1
1376256,65536,0
0,65536,0
720896,65536,1
40435712,65536,1
720896,65536,0
13565952,65536,1
40501248,65536,0
10551296,65536,0
40566784,65536,1
3145728,65536,1
32243712,65536,1
40632320,65536,1
589824,65536,1
40697856,65536,0
720896,65536,0
262144,65536,1
5373952,65536,0
2752512,65536,0
720896,65536,1
40763392,65536,0
3145728,65536,0
34275328,65536,1
851968,65536,1
40828928,65536,0
720896,65536,0
720896,65536,1
786432,65536,0
655360,65536,1
40894464,65536,0
40960000,65536,1
3014656,65536,0
33882112,65536,0
7929856,65536,0
720896,65536,0
720896,65536,1
0,65536,1
8847360,65536,0
655360,65536,1
7405568,65536,1
41025536,65536,0
41091072,65536,0
41156608,65536,0
720896,65536,1
851968,65536,1
2228224,65536,0
851968,65536,0
28114944,65536,0
41222144,65536,0
720896,65536,0
720896,65536,0
39321600,65536,0
0,65536,1
41287680,65536,0
4390912,65536,1
6488064,65536,0
720896,65536,1
41353216,65536,1
11403264,65536,1
39780352,65536,0
41418752,65536,1
41484288,65536,0
720896,65536,1
0,65536,0
8716288,65536,0
41549824,65536,1
851968,65536,1
41615360,65536,0
8323072,65536,0
41680896,65536,0
262144,65536,1
0,65536,0
8716288,65536,0
10289152,65536,0
5832704,65536,0
41746432,65536,0
720896,65536,0
41811968,65536,0
32768000,65536,0
41877504,65536,0
13762560,65536,0
5373952,65536,0
41943040,65536,1
32505856,65536,0
42008576,65536,1
720896,65536,1
0,65536,0
42074112,65536,1
42139648,65536,0
720896,65536,0
720896,65536,1
720896,65536,1
720896,65536,1
655360,65536,1
1376256,65536,0
18087936,65536,0
1376256,65536,1
720896,65536,0
9568256,65536,0
42205184,65536,0
6488064,65536,0
0,65536,0
720896,65536,0
720896,65536,1
5373952,65536,0
8519680,65536,1
21037056,65536,0
720896,65536,0
38862848,65536,0
720896,65536,1
3014656,65536,0
42270720,65536,0
851968,65536,0
10813440,65536,0
5308416,65536,1
20512768,65536,0
1376256,65536,0
42336256,65536,1
0,65536,0
5308416,65536,0
42401792,65536,1
27459584,65536,1
0,65536,0
42467328,65536,1
8192000,65536,0
18087936,65536,0
10813440,65536,0
10813440,65536,1
262144,65536,1
0,65536,0
31916032,65536,0
10551296,65536,1
12320768,65536,1
3014656,65536,0
28835840,65536,1
42532864,65536,1
851968,65536,0
22282240,65536,1
720896,65536,1
5963776,65536,1
8257536,65536,0
42598400,65536,0
720896,65536,1
0,65536,1
22609920,65536,0
0,65536,1
262144,65536,0
19333120,65536,0
851968,65536,0
720896,65536,1
14090240,65536,0
720896,65536,1
851968,65536,0
0,65536,1
720896,65536,0
2752512,65536,0
720896,65536,1
37486592,65536,1
0,65536,0
4587520,65536,0
2752512,65536,1
720896,65536,1
720896,65536,0
42663936,65536,0
13369344,65536,0
0,65536,0
5963776,65536,0
720896,65536,1
4915200,65536,0
42729472,65536,0
3145728,65536,1
1376256,65536,1
0,65536,0
720896,65536,0
851968,65536,1
42795008,65536,1
720896,65536,0
42860544,65536,0
42926080,65536,0
7733248,65536,1
0,65536,1
851968,65536,1
0,65536,0
1376256,65536,1
42991616,65536,0
43057152,65536,1
41549824,65536,0
4390912,65536,0
43122688,65536,1
43188224,65536,1
21823488,65536,1
43253760,65536,0
262144,65536,0
0,65536,0
720896,65536,0
0,65536,0
21430272,65536,0
0,65536,0
4063232,65536,0
0,65536,0
720896,65536,0
851968,65536,0
43319296,65536,0
43384832,65536,1
5963776,65536,0
851968,65536,0
1376256,65536,1
720896,65536,0
43450368,65536,1
43515904,65536,0
43581440,65536,1
43646976,65536,1
851968,65536,1
30867456,65536,1
30081024,65536,0
43712512,65536,0
43778048,65536,0
720896,65536,1
43843584,65536,0
720896,65536,1
5308416,65536,0
13565952,65536,1
720896,65536,0
3145728,65536,1
720896,65536,0
589824,65536,1
33292288,65536,0
43909120,65536,0
720896,65536,0
43974656,65536,1
3145728,65536,0
7733248,65536,0
33751040,65536,0
44040192,65536,0
720896,65536,0
29229056,65536,0
22216704,65536,0
2752512,65536,0
22609920,65536,1
10289152,65536,1
23199744,65536,0
0,65536,0
5308416,65536,1
5308416,65536,1
11534336,65536,0
44105728,65536,0
589824,65536,1
720896,65536,1
37552128,65536,0
30474240,65536,1
720896,65536,0
720896,65536,0
44171264,65536,1
2752512,65536,0
5308416,65536,0
3145728,65536,0
0,65536,0
655360,65536,1
12320768,65536,0
6094848,65536,0
44236800,65536,1
44302336,65536,0
720896,65536,1
2097152,65536,1
35913728,65536,0
9830400,65536,0
20316160,65536,1
33947648,65536,1
44367872,65536,0
589824,65536,0
44433408,65536,0
44498944,65536,0
720896,65536,0
39911424,65536,0
44564480,65536,1
3145728,65536,0
0,65536,1
720896,65536,1
0,65536,1
1376256,65536,1
0,65536,0
44630016,65536,0
720896,65536,0
589824,65536,0
720896,65536,1
44695552,65536,0
44761088,65536,1
589824,65536,0
3145728,65536,1
8716288,65536,1
44826624,65536,0
5308416,65536,0
28377088,65536,0
44892160,65536,0
720896,65536,0
33619968,65536,1
30605312,65536,1
44957696,65536,0
2162688,65536,0
31981568,65536,0
30736384,65536,0
2228224,65536,0
720896,65536,1
45023232,65536,0
851968,65536,1
720896,65536,0
45088768,65536,0
655360,65536,0
720896,65536,0
10289152,65536,1
8519680,65536,0
20316160,65536,0
45154304,65536,0
589824,65536,1
45219840,65536,1
4849664,65536,0
45285376,65536,0
45350912,65536,0
45416448,65536,0
0,65536,1
720896,65536,0
45481984,65536,1
10813440,65536,0
589824,65536,0
11337728,65536,1
45547520,65536,1
45613056,65536,0
2752512,65536,0
720896,65536,0
45678592,65536,1
45744128,65536,1
28114944,65536,1
45809664,65536,0
720896,65536,1
34734080,65536,1
0,65536,0
45875200,65536,0
0,65536,0
45940736,65536,0
46006272,65536,0
10289152,65536,0
10027008,65536,1
4390912,65536,1
46071808,65536,1
720896,65536,0
20971520,65536,0
46137344,65536,1
46202880,65536,0
46268416,65536,0
26673152,65536,0
14155776,65536,1
46333952,65536,0
6881280,65536,0
46399488,65536,1
19398656,65536,1
46465024,65536,1
46530560,65536,1
46596096,65536,0
46661632,65536,0
2752512,65536,0
46727168,65536,1
262144,65536,1
5177344,65536,0
10289152,65536,0
34406400,65536,1
720896,65536,1
46792704,65536,0
720896,65536,0
8716288,65536,0
46858240,65536,0
