offset,size,type 719 719 2000 1
0,1024,1
1024,1024,1
2048,1024,1
3072,1024,1
4096,1024,0
5120,1024,1
6144,1024,0
7168,1024,1
8192,1024,1
9216,1024,1
10240,1024,1
11264,1024,1
12288,1024,1
13312,1024,1
0,1024,0
14336,1024,0
6144,1024,0
15360,1024,1
16384,1024,1
17408,1024,1
18432,1024,1
10240,1024,0
6144,1024,1
19456,1024,1
10240,1024,1
0,1024,0
20480,1024,1
21504,1024,1
1024,1024,1
6144,1024,1
22528,1024,0
23552,1024,1
24576,1024,1
25600,1024,1
20480,1024,1
22528,1024,1
26624,1024,0
27648,1024,1
1024,1024,0
28672,1024,1
20480,1024,1
29696,1024,1
5120,1024,0
6144,1024,1
30720,1024,1
31744,1024,1
20480,1024,1
32768,1024,1
33792,1024,1
34816,1024,1
1024,1024,1
3072,1024,0
22528,1024,1
6144,1024,1
0,1024,0
35840,1024,1
36864,1024,1
37888,1024,1
38912,1024,1
39936,1024,0
40960,1024,1
41984,1024,1
43008,1024,1
44032,1024,1
0,1024,1
0,1024,0
45056,1024,1
46080,1024,1
47104,1024,1
13312,1024,1
48128,1024,1
49152,1024,1
50176,1024,1
51200,1024,1
3072,1024,1
10240,1024,1
52224,1024,1
48128,1024,1
53248,1024,1
6144,1024,1
54272,1024,1
33792,1024,1
55296,1024,0
56320,1024,1
57344,1024,1
58368,1024,1
59392,1024,1
60416,1024,1
0,1024,0
0,1024,1
61440,1024,1
62464,1024,1
61440,1024,1
63488,1024,1
64512,1024,0
5120,1024,1
6144,1024,1
0,1024,1
65536,1024,1
66560,1024,1
20480,1024,0
67584,1024,1
68608,1024,1
69632,1024,0
33792,1024,1
8192,1024,1
0,1024,1
70656,1024,1
71680,1024,0
72704,1024,1
73728,1024,1
6144,1024,1
74752,1024,0
6144,1024,1
75776,1024,1
76800,1024,1
77824,1024,1
20480,1024,1
6144,1024,1
22528,1024,1
78848,1024,0
6144,1024,1
79872,1024,1
33792,1024,1
6144,1024,0
80896,1024,1
0,1024,0
20480,1024,1
81920,1024,1
82944,1024,1
10240,1024,1
83968,1024,1
84992,1024,1
86016,1024,1
87040,1024,1
88064,1024,1
12288,1024,1
89088,1024,1
33792,1024,1
30720,1024,1
90112,1024,1
91136,1024,1
32768,1024,1
6144,1024,1
15360,1024,1
61440,1024,1
0,1024,1
15360,1024,1
92160,1024,1
20480,1024,1
93184,1024,0
0,1024,1
78848,1024,0
0,1024,1
0,1024,1
75776,1024,1
94208,1024,1
6144,1024,1
0,1024,1
6144,1024,0
95232,1024,0
6144,1024,0
0,1024,1
96256,1024,1
97280,1024,1
98304,1024,1
0,1024,1
22528,1024,1
6144,1024,0
6144,1024,1
99328,1024,1
0,1024,1
100352,1024,1
36864,1024,0
6144,1024,1
0,1024,1
101376,1024,1
102400,1024,1
20480,1024,1
103424,1024,0
104448,1024,1
6144,1024,1
78848,1024,0
105472,1024,0
6144,1024,1
106496,1024,1
107520,1024,1
108544,1024,1
109568,1024,1
110592,1024,1
31744,1024,1
111616,1024,1
112640,1024,1
6144,1024,1
0,1024,1
113664,1024,1
15360,1024,1
114688,1024,1
115712,1024,1
116736,1024,1
0,1024,1
101376,1024,1
3072,1024,1
117760,1024,1
118784,1024,1
31744,1024,1
33792,1024,1
6144,1024,0
119808,1024,0
15360,1024,1
91136,1024,1
6144,1024,1
5120,1024,1
0,1024,1
6144,1024,1
20480,1024,1
120832,1024,1
121856,1024,0
122880,1024,1
15360,1024,1
3072,1024,1
6144,1024,1
123904,1024,1
6144,1024,0
112640,1024,1
48128,1024,1
33792,1024,1
124928,1024,1
125952,1024,1
0,1024,1
126976,1024,1
128000,1024,1
129024,1024,1
3072,1024,0
45056,1024,1
43008,1024,1
130048,1024,1
6144,1024,1
131072,1024,1
33792,1024,1
132096,1024,1
133120,1024,1
134144,1024,0
135168,1024,1
1024,1024,1
136192,1024,1
137216,1024,1
3072,1024,1
59392,1024,1
6144,1024,1
0,1024,1
1024,1024,1
0,1024,1
101376,1024,1
6144,1024,0
138240,1024,1
0,1024,1
22528,1024,1
0,1024,0
6144,1024,1
139264,1024,1
140288,1024,1
33792,1024,1
15360,1024,1
61440,1024,1
141312,1024,1
0,1024,1
5120,1024,1
142336,1024,1
6144,1024,1
143360,1024,1
6144,1024,1
144384,1024,1
145408,1024,1
0,1024,0
0,1024,1
33792,1024,1
6144,1024,1
6144,1024,1
0,1024,0
116736,1024,1
146432,1024,1
147456,1024,1
148480,1024,1
149504,1024,1
6144,1024,1
150528,1024,1
151552,1024,1
6144,1024,1
152576,1024,1
153600,1024,1
15360,1024,0
6144,1024,0
6144,1024,1
0,1024,0
154624,1024,1
24576,1024,1
3072,1024,1
155648,1024,1
156672,1024,1
33792,1024,0
6144,1024,1
157696,1024,0
158720,1024,0
159744,1024,0
160768,1024,1
159744,1024,1
6144,1024,1
161792,1024,1
162816,1024,1
163840,1024,1
164864,1024,0
165888,1024,1
0,1024,0
166912,1024,1
5120,1024,1
167936,1024,1
15360,1024,1
168960,1024,0
15360,1024,1
6144,1024,1
0,1024,1
1024,1024,1
121856,1024,0
169984,1024,0
10240,1024,1
0,1024,1
171008,1024,1
36864,1024,1
172032,1024,1
6144,1024,1
15360,1024,1
173056,1024,0
15360,1024,1
15360,1024,0
174080,1024,1
15360,1024,1
92160,1024,1
15360,1024,1
112640,1024,1
6144,1024,1
155648,1024,1
175104,1024,1
176128,1024,0
12288,1024,1
177152,1024,1
18432,1024,1
6144,1024,1
178176,1024,1
179200,1024,0
180224,1024,1
181248,1024,1
0,1024,1
0,1024,1
76800,1024,1
22528,1024,1
59392,1024,1
1024,1024,1
1024,1024,1
182272,1024,0
15360,1024,1
183296,1024,1
3072,1024,1
0,1024,1
184320,1024,1
45056,1024,1
44032,1024,1
185344,1024,1
0,1024,1
3072,1024,1
6144,1024,1
33792,1024,1
6144,1024,1
186368,1024,1
0,1024,0
6144,1024,1
187392,1024,1
188416,1024,1
36864,1024,1
189440,1024,0
0,1024,1
190464,1024,1
3072,1024,1
191488,1024,1
192512,1024,0
193536,1024,0
194560,1024,1
34816,1024,1
20480,1024,0
6144,1024,1
20480,1024,1
195584,1024,1
169984,1024,1
6144,1024,1
196608,1024,1
6144,1024,1
197632,1024,1
29696,1024,1
198656,1024,1
33792,1024,1
6144,1024,0
199680,1024,1
200704,1024,0
201728,1024,0
202752,1024,1
92160,1024,1
203776,1024,1
6144,1024,1
0,1024,0
6144,1024,1
15360,1024,0
204800,1024,1
205824,1024,1
3072,1024,1
112640,1024,1
206848,1024,1
29696,1024,1
0,1024,1
59392,1024,0
207872,1024,0
208896,1024,1
47104,1024,0
209920,1024,1
210944,1024,0
3072,1024,1
211968,1024,1
212992,1024,0
0,1024,1
159744,1024,1
190464,1024,1
214016,1024,1
6144,1024,1
215040,1024,1
216064,1024,1
217088,1024,0
218112,1024,1
219136,1024,1
6144,1024,1
20480,1024,1
6144,1024,1
30720,1024,0
15360,1024,1
33792,1024,1
220160,1024,1
221184,1024,1
222208,1024,1
31744,1024,0
36864,1024,1
0,1024,0
22528,1024,0
223232,1024,1
15360,1024,0
60416,1024,1
6144,1024,1
224256,1024,0
225280,1024,1
226304,1024,1
34816,1024,1
227328,1024,1
228352,1024,1
6144,1024,0
229376,1024,1
228352,1024,1
6144,1024,1
0,1024,1
230400,1024,1
231424,1024,1
232448,1024,1
233472,1024,1
15360,1024,1
0,1024,1
234496,1024,1
6144,1024,1
20480,1024,1
235520,1024,1
236544,1024,1
33792,1024,1
6144,1024,1
10240,1024,1
237568,1024,1
6144,1024,1
6144,1024,1
238592,1024,1
239616,1024,1
240640,1024,0
3072,1024,1
0,1024,1
241664,1024,1
5120,1024,1
242688,1024,1
6144,1024,1
33792,1024,0
243712,1024,1
244736,1024,1
15360,1024,1
36864,1024,1
245760,1024,0
246784,1024,1
247808,1024,0
248832,1024,1
6144,1024,1
61440,1024,1
124928,1024,0
48128,1024,1
249856,1024,1
6144,1024,0
3072,1024,0
250880,1024,1
251904,1024,1
252928,1024,0
253952,1024,0
254976,1024,1
59392,1024,0
15360,1024,1
0,1024,1
256000,1024,0
6144,1024,1
257024,1024,1
6144,1024,1
15360,1024,1
6144,1024,1
258048,1024,1
259072,1024,1
159744,1024,1
22528,1024,1
20480,1024,1
5120,1024,1
6144,1024,0
33792,1024,1
33792,1024,0
260096,1024,1
33792,1024,1
6144,1024,0
0,1024,1
261120,1024,0
15360,1024,0
262144,1024,0
3072,1024,1
263168,1024,1
95232,1024,1
6144,1024,1
33792,1024,0
15360,1024,1
43008,1024,1
32768,1024,0
264192,1024,1
159744,1024,0
6144,1024,1
248832,1024,1
265216,1024,1
6144,1024,1
0,1024,0
22528,1024,1
32768,1024,1
266240,1024,1
267264,1024,0
6144,1024,1
268288,1024,1
269312,1024,0
270336,1024,1
6144,1024,1
271360,1024,0
6144,1024,1
210944,1024,1
128000,1024,1
272384,1024,1
10240,1024,1
273408,1024,1
6144,1024,0
155648,1024,0
3072,1024,1
274432,1024,1
15360,1024,1
275456,1024,1
276480,1024,0
277504,1024,1
0,1024,1
145408,1024,1
48128,1024,1
278528,1024,0
6144,1024,1
0,1024,1
20480,1024,1
279552,1024,1
37888,1024,0
0,1024,1
280576,1024,1
281600,1024,1
23552,1024,0
0,1024,1
282624,1024,0
33792,1024,1
113664,1024,1
283648,1024,0
284672,1024,1
285696,1024,1
0,1024,1
0,1024,1
286720,1024,0
287744,1024,1
288768,1024,0
289792,1024,1
0,1024,1
75776,1024,0
290816,1024,1
20480,1024,1
0,1024,1
291840,1024,1
292864,1024,1
293888,1024,1
294912,1024,1
0,1024,1
6144,1024,0
295936,1024,1
22528,1024,1
20480,1024,1
296960,1024,0
0,1024,1
297984,1024,1
299008,1024,1
300032,1024,1
0,1024,1
10240,1024,1
61440,1024,0
301056,1024,1
302080,1024,1
61440,1024,1
5120,1024,1
303104,1024,1
304128,1024,1
6144,1024,1
305152,1024,0
6144,1024,1
306176,1024,0
307200,1024,1
308224,1024,0
6144,1024,1
309248,1024,1
22528,1024,1
310272,1024,1
78848,1024,0
148480,1024,0
311296,1024,1
48128,1024,0
312320,1024,1
20480,1024,1
313344,1024,1
314368,1024,1
6144,1024,1
159744,1024,1
7168,1024,0
6144,1024,1
315392,1024,1
316416,1024,1
317440,1024,1
267264,1024,0
318464,1024,1
319488,1024,1
320512,1024,1
75776,1024,1
321536,1024,1
0,1024,1
159744,1024,0
322560,1024,1
23552,1024,1
22528,1024,1
323584,1024,1
324608,1024,1
6144,1024,1
6144,1024,0
325632,1024,1
326656,1024,1
167936,1024,1
284672,1024,1
0,1024,1
327680,1024,1
328704,1024,1
295936,1024,1
71680,1024,1
126976,1024,1
0,1024,1
47104,1024,1
3072,1024,1
329728,1024,1
330752,1024,1
33792,1024,1
214016,1024,1
15360,1024,1
331776,1024,1
6144,1024,1
15360,1024,1
59392,1024,1
0,1024,1
332800,1024,0
6144,1024,1
333824,1024,1
334848,1024,1
335872,1024,1
336896,1024,0
61440,1024,1
15360,1024,0
337920,1024,1
338944,1024,1
6144,1024,1
339968,1024,1
24576,1024,1
3072,1024,1
190464,1024,1
340992,1024,1
342016,1024,1
343040,1024,0
10240,1024,0
344064,1024,0
159744,1024,1
92160,1024,1
15360,1024,1
0,1024,1
345088,1024,1
87040,1024,1
22528,1024,1
33792,1024,1
0,1024,1
346112,1024,1
33792,1024,1
6144,1024,0
347136,1024,0
159744,1024,0
15360,1024,1
15360,1024,1
171008,1024,1
0,1024,1
348160,1024,1
349184,1024,1
350208,1024,1
351232,1024,1
171008,1024,1
352256,1024,1
36864,1024,1
6144,1024,0
0,1024,1
0,1024,1
15360,1024,1
353280,1024,1
6144,1024,1
239616,1024,1
6144,1024,1
101376,1024,1
354304,1024,0
101376,1024,0
10240,1024,0
355328,1024,1
36864,1024,1
356352,1024,1
357376,1024,1
358400,1024,1
6144,1024,1
33792,1024,1
190464,1024,1
359424,1024,1
101376,1024,1
0,1024,1
6144,1024,1
33792,1024,1
126976,1024,1
360448,1024,1
361472,1024,1
362496,1024,1
0,1024,1
3072,1024,1
101376,1024,1
363520,1024,1
364544,1024,0
153600,1024,1
62464,1024,0
6144,1024,1
6144,1024,1
365568,1024,1
0,1024,1
6144,1024,1
3072,1024,1
366592,1024,1
48128,1024,1
33792,1024,0
367616,1024,1
6144,1024,0
368640,1024,0
6144,1024,1
0,1024,0
6144,1024,1
369664,1024,1
10240,1024,1
61440,1024,1
6144,1024,1
370688,1024,1
6144,1024,1
22528,1024,1
0,1024,1
371712,1024,1
92160,1024,1
0,1024,1
372736,1024,1
373760,1024,1
374784,1024,0
375808,1024,1
13312,1024,1
6144,1024,1
20480,1024,1
6144,1024,1
1024,1024,1
6144,1024,1
376832,1024,0
33792,1024,1
267264,1024,1
92160,1024,1
0,1024,0
17408,1024,1
295936,1024,1
10240,1024,1
101376,1024,1
0,1024,1
190464,1024,1
218112,1024,0
88064,1024,1
377856,1024,1
378880,1024,1
36864,1024,1
3072,1024,0
379904,1024,1
0,1024,1
20480,1024,1
48128,1024,1
380928,1024,1
145408,1024,1
381952,1024,0
382976,1024,1
384000,1024,1
10240,1024,1
219136,1024,1
145408,1024,1
385024,1024,1
6144,1024,1
6144,1024,1
5120,1024,0
62464,1024,1
6144,1024,1
386048,1024,1
6144,1024,1
6144,1024,1
15360,1024,0
15360,1024,1
33792,1024,1
361472,1024,0
31744,1024,1
1024,1024,1
15360,1024,1
387072,1024,1
388096,1024,1
242688,1024,1
6144,1024,1
20480,1024,1
3072,1024,1
13312,1024,1
95232,1024,0
389120,1024,1
6144,1024,0
121856,1024,0
390144,1024,1
50176,1024,1
6144,1024,1
7168,1024,0
6144,1024,1
391168,1024,1
20480,1024,1
6144,1024,1
0,1024,1
361472,1024,0
392192,1024,0
167936,1024,1
393216,1024,0
159744,1024,1
10240,1024,1
36864,1024,0
6144,1024,1
394240,1024,1
6144,1024,1
117760,1024,1
20480,1024,1
0,1024,1
395264,1024,1
6144,1024,1
33792,1024,1
159744,1024,1
396288,1024,1
0,1024,1
397312,1024,1
145408,1024,1
5120,1024,0
0,1024,1
398336,1024,1
399360,1024,1
400384,1024,0
6144,1024,1
145408,1024,1
6144,1024,1
22528,1024,1
33792,1024,1
6144,1024,1
401408,1024,1
402432,1024,1
61440,1024,1
6144,1024,0
0,1024,1
403456,1024,1
15360,1024,1
404480,1024,0
405504,1024,1
406528,1024,1
20480,1024,1
0,1024,0
6144,1024,1
407552,1024,0
20480,1024,1
6144,1024,1
5120,1024,1
408576,1024,1
239616,1024,1
0,1024,1
6144,1024,1
6144,1024,1
402432,1024,0
88064,1024,1
88064,1024,1
242688,1024,1
0,1024,1
6144,1024,1
10240,1024,1
409600,1024,0
33792,1024,0
410624,1024,1
22528,1024,1
267264,1024,1
6144,1024,1
6144,1024,1
193536,1024,1
6144,1024,1
3072,1024,1
0,1024,1
411648,1024,0
10240,1024,1
251904,1024,1
143360,1024,1
32768,1024,1
412672,1024,0
413696,1024,0
15360,1024,1
15360,1024,1
6144,1024,1
159744,1024,1
15360,1024,1
321536,1024,1
36864,1024,1
414720,1024,1
6144,1024,1
267264,1024,1
6144,1024,0
6144,1024,1
6144,1024,1
6144,1024,1
6144,1024,1
0,1024,1
15360,1024,1
415744,1024,1
416768,1024,1
6144,1024,1
6144,1024,1
6144,1024,1
22528,1024,1
145408,1024,1
0,1024,1
417792,1024,0
10240,1024,1
418816,1024,1
419840,1024,1
420864,1024,1
0,1024,1
421888,1024,1
6144,1024,0
3072,1024,1
422912,1024,1
6144,1024,1
6144,1024,0
3072,1024,1
423936,1024,1
111616,1024,1
267264,1024,1
15360,1024,1
361472,1024,0
6144,1024,1
5120,1024,1
15360,1024,1
424960,1024,0
425984,1024,0
427008,1024,1
319488,1024,0
5120,1024,1
22528,1024,1
10240,1024,1
177152,1024,0
20480,1024,1
428032,1024,1
12288,1024,1
59392,1024,1
92160,1024,1
402432,1024,1
429056,1024,1
6144,1024,0
6144,1024,0
430080,1024,1
384000,1024,1
431104,1024,1
231424,1024,1
6144,1024,1
432128,1024,1
433152,1024,1
402432,1024,1
33792,1024,1
6144,1024,1
6144,1024,0
0,1024,1
434176,1024,1
242688,1024,1
121856,1024,1
6144,1024,1
5120,1024,1
6144,1024,1
435200,1024,0
32768,1024,1
436224,1024,1
16384,1024,0
44032,1024,1
437248,1024,1
33792,1024,1
15360,1024,0
15360,1024,1
15360,1024,1
15360,1024,0
6144,1024,1
6144,1024,1
0,1024,0
6144,1024,0
372736,1024,0
438272,1024,1
0,1024,0
439296,1024,1
267264,1024,0
0,1024,1
440320,1024,0
20480,1024,1
0,1024,1
6144,1024,0
5120,1024,1
441344,1024,0
10240,1024,1
442368,1024,1
443392,1024,1
15360,1024,0
444416,1024,1
203776,1024,0
445440,1024,1
33792,1024,0
33792,1024,1
20480,1024,1
46080,1024,1
446464,1024,1
228352,1024,1
15360,1024,0
15360,1024,1
6144,1024,0
22528,1024,1
179200,1024,1
3072,1024,0
22528,1024,1
295936,1024,0
8192,1024,1
447488,1024,1
346112,1024,1
0,1024,1
448512,1024,1
0,1024,1
449536,1024,1
450560,1024,0
451584,1024,1
419840,1024,1
6144,1024,0
13312,1024,1
6144,1024,1
452608,1024,0
33792,1024,1
0,1024,1
453632,1024,1
218112,1024,1
248832,1024,0
126976,1024,1
63488,1024,0
454656,1024,1
455680,1024,1
0,1024,1
145408,1024,1
242688,1024,0
181248,1024,1
101376,1024,1
3072,1024,1
456704,1024,1
20480,1024,0
6144,1024,0
6144,1024,1
3072,1024,1
22528,1024,1
457728,1024,1
458752,1024,1
20480,1024,1
459776,1024,1
33792,1024,0
377856,1024,1
88064,1024,1
6144,1024,0
20480,1024,1
301056,1024,1
5120,1024,1
3072,1024,1
460800,1024,1
461824,1024,0
462848,1024,1
463872,1024,1
3072,1024,1
203776,1024,1
36864,1024,1
3072,1024,1
15360,1024,1
6144,1024,1
0,1024,1
464896,1024,1
465920,1024,0
466944,1024,1
467968,1024,1
468992,1024,1
470016,1024,1
471040,1024,0
33792,1024,1
15360,1024,1
377856,1024,1
33792,1024,1
472064,1024,1
92160,1024,1
6144,1024,0
20480,1024,1
0,1024,1
6144,1024,1
473088,1024,1
78848,1024,1
237568,1024,0
6144,1024,1
474112,1024,1
190464,1024,1
457728,1024,1
475136,1024,1
476160,1024,1
477184,1024,1
478208,1024,0
6144,1024,1
63488,1024,0
6144,1024,0
479232,1024,1
0,1024,1
480256,1024,1
481280,1024,0
482304,1024,1
133120,1024,1
15360,1024,1
483328,1024,1
0,1024,1
0,1024,1
92160,1024,1
411648,1024,1
6144,1024,1
20480,1024,1
33792,1024,1
484352,1024,1
6144,1024,0
0,1024,1
6144,1024,0
33792,1024,0
34816,1024,1
485376,1024,1
153600,1024,1
112640,1024,1
10240,1024,1
6144,1024,0
486400,1024,1
228352,1024,0
411648,1024,1
10240,1024,0
18432,1024,1
487424,1024,1
488448,1024,1
22528,1024,0
33792,1024,1
6144,1024,1
10240,1024,1
15360,1024,0
15360,1024,1
489472,1024,1
6144,1024,1
490496,1024,1
491520,1024,1
492544,1024,0
6144,1024,1
156672,1024,1
6144,1024,1
361472,1024,0
13312,1024,1
493568,1024,1
159744,1024,0
8192,1024,1
6144,1024,1
494592,1024,0
0,1024,1
121856,1024,1
495616,1024,0
6144,1024,1
190464,1024,1
496640,1024,1
32768,1024,1
497664,1024,1
70656,1024,1
1024,1024,1
498688,1024,1
20480,1024,1
6144,1024,1
3072,1024,1
499712,1024,1
500736,1024,1
362496,1024,1
159744,1024,1
0,1024,1
61440,1024,0
159744,1024,0
501760,1024,0
237568,1024,0
502784,1024,1
503808,1024,0
6144,1024,0
0,1024,1
20480,1024,1
6144,1024,0
361472,1024,1
6144,1024,1
504832,1024,0
505856,1024,1
92160,1024,1
0,1024,1
0,1024,0
506880,1024,1
361472,1024,1
507904,1024,1
508928,1024,1
117760,1024,1
509952,1024,1
15360,1024,1
6144,1024,1
62464,1024,1
1024,1024,1
6144,1024,0
510976,1024,1
1024,1024,1
15360,1024,1
33792,1024,1
6144,1024,1
377856,1024,1
512000,1024,1
513024,1024,1
514048,1024,1
515072,1024,1
0,1024,1
6144,1024,1
0,1024,1
94208,1024,1
346112,1024,1
143360,1024,1
59392,1024,1
516096,1024,1
517120,1024,1
6144,1024,0
6144,1024,1
518144,1024,1
6144,1024,1
20480,1024,1
198656,1024,1
0,1024,1
155648,1024,0
519168,1024,1
6144,1024,1
22528,1024,1
373760,1024,1
520192,1024,0
61440,1024,1
30720,1024,0
44032,1024,1
521216,1024,0
6144,1024,1
6144,1024,1
242688,1024,1
20480,1024,1
522240,1024,1
15360,1024,1
523264,1024,0
524288,1024,0
116736,1024,1
38912,1024,1
525312,1024,1
6144,1024,1
15360,1024,0
6144,1024,0
0,1024,0
526336,1024,1
527360,1024,0
143360,1024,1
6144,1024,0
370688,1024,1
143360,1024,1
528384,1024,1
6144,1024,1
326656,1024,1
61440,1024,0
529408,1024,1
530432,1024,1
126976,1024,1
15360,1024,1
531456,1024,1
352256,1024,1
6144,1024,0
0,1024,1
6144,1024,1
532480,1024,1
6144,1024,1
32768,1024,0
6144,1024,0
0,1024,0
6144,1024,1
6144,1024,1
533504,1024,0
70656,1024,0
15360,1024,1
6144,1024,1
15360,1024,1
534528,1024,1
0,1024,1
33792,1024,1
414720,1024,1
535552,1024,0
536576,1024,1
537600,1024,1
6144,1024,1
0,1024,1
33792,1024,1
6144,1024,1
538624,1024,1
474112,1024,1
0,1024,1
15360,1024,0
6144,1024,1
364544,1024,1
7168,1024,1
539648,1024,1
3072,1024,0
319488,1024,1
6144,1024,1
359424,1024,1
245760,1024,1
0,1024,1
540672,1024,1
248832,1024,1
541696,1024,1
5120,1024,1
0,1024,1
3072,1024,1
6144,1024,1
22528,1024,1
78848,1024,0
5120,1024,1
408576,1024,1
15360,1024,1
6144,1024,1
6144,1024,1
542720,1024,1
543744,1024,1
15360,1024,1
88064,1024,1
544768,1024,1
48128,1024,1
20480,1024,1
15360,1024,1
48128,1024,1
33792,1024,0
6144,1024,1
545792,1024,0
0,1024,0
546816,1024,1
0,1024,1
45056,1024,1
547840,1024,1
267264,1024,1
548864,1024,1
6144,1024,1
364544,1024,1
549888,1024,0
33792,1024,1
6144,1024,1
31744,1024,1
550912,1024,1
179200,1024,0
6144,1024,1
523264,1024,0
0,1024,1
485376,1024,1
32768,1024,1
15360,1024,1
61440,1024,1
551936,1024,1
6144,1024,1
0,1024,1
15360,1024,1
113664,1024,1
0,1024,1
22528,1024,1
552960,1024,0
187392,1024,1
553984,1024,1
33792,1024,1
13312,1024,1
555008,1024,1
24576,1024,0
556032,1024,1
6144,1024,0
0,1024,1
6144,1024,1
557056,1024,0
22528,1024,1
267264,1024,1
6144,1024,1
0,1024,1
92160,1024,1
558080,1024,0
20480,1024,1
559104,1024,1
15360,1024,1
560128,1024,1
561152,1024,0
167936,1024,1
562176,1024,1
8192,1024,0
187392,1024,1
36864,1024,1
33792,1024,1
33792,1024,1
563200,1024,1
6144,1024,0
564224,1024,1
31744,1024,1
565248,1024,0
22528,1024,1
22528,1024,1
0,1024,1
566272,1024,1
6144,1024,1
61440,1024,1
326656,1024,1
6144,1024,1
33792,1024,1
567296,1024,1
6144,1024,1
32768,1024,1
46080,1024,1
6144,1024,1
568320,1024,1
33792,1024,1
6144,1024,1
569344,1024,0
267264,1024,1
203776,1024,1
0,1024,1
570368,1024,1
571392,1024,0
572416,1024,1
15360,1024,1
573440,1024,1
218112,1024,1
574464,1024,1
6144,1024,1
6144,1024,1
33792,1024,1
6144,1024,1
575488,1024,0
188416,1024,1
0,1024,1
15360,1024,0
576512,1024,1
577536,1024,0
578560,1024,1
15360,1024,1
579584,1024,0
10240,1024,1
15360,1024,0
580608,1024,1
48128,1024,1
581632,1024,1
218112,1024,1
267264,1024,1
582656,1024,1
583680,1024,0
143360,1024,1
167936,1024,1
584704,1024,1
23552,1024,1
585728,1024,1
586752,1024,1
0,1024,1
6144,1024,1
6144,1024,0
6144,1024,0
0,1024,0
15360,1024,1
587776,1024,0
588800,1024,1
589824,1024,1
15360,1024,1
6144,1024,1
590848,1024,0
402432,1024,1
591872,1024,1
33792,1024,1
592896,1024,1
43008,1024,1
593920,1024,1
594944,1024,1
6144,1024,1
30720,1024,1
0,1024,1
595968,1024,1
596992,1024,1
598016,1024,1
599040,1024,1
32768,1024,1
600064,1024,1
33792,1024,1
601088,1024,1
203776,1024,0
0,1024,1
22528,1024,1
602112,1024,1
143360,1024,0
6144,1024,1
6144,1024,1
6144,1024,1
59392,1024,1
6144,1024,1
603136,1024,1
604160,1024,1
33792,1024,1
6144,1024,1
605184,1024,1
20480,1024,1
506880,1024,1
0,1024,1
606208,1024,1
3072,1024,1
33792,1024,0
607232,1024,1
608256,1024,1
609280,1024,1
0,1024,1
92160,1024,0
15360,1024,0
346112,1024,1
411648,1024,1
6144,1024,1
610304,1024,1
15360,1024,1
6144,1024,1
611328,1024,1
36864,1024,1
612352,1024,0
0,1024,1
242688,1024,1
33792,1024,0
613376,1024,1
1024,1024,1
15360,1024,1
6144,1024,1
614400,1024,0
615424,1024,1
3072,1024,1
10240,1024,1
616448,1024,0
6144,1024,1
6144,1024,1
10240,1024,1
617472,1024,1
618496,1024,0
6144,1024,0
6144,1024,0
619520,1024,0
620544,1024,1
621568,1024,1
0,1024,1
622592,1024,1
513024,1024,1
0,1024,0
0,1024,1
218112,1024,0
112640,1024,1
20480,1024,0
22528,1024,1
6144,1024,1
33792,1024,1
15360,1024,1
623616,1024,1
624640,1024,1
33792,1024,1
15360,1024,1
3072,1024,1
36864,1024,1
625664,1024,1
626688,1024,1
15360,1024,0
627712,1024,0
61440,1024,1
352256,1024,1
628736,1024,0
0,1024,1
15360,1024,1
629760,1024,1
6144,1024,1
6144,1024,1
32768,1024,1
439296,1024,1
630784,1024,1
0,1024,1
6144,1024,0
43008,1024,1
6144,1024,1
20480,1024,1
631808,1024,1
0,1024,1
0,1024,1
15360,1024,0
632832,1024,1
126976,1024,1
6144,1024,1
6144,1024,1
92160,1024,1
20480,1024,1
633856,1024,1
634880,1024,1
267264,1024,0
0,1024,1
1024,1024,1
635904,1024,1
636928,1024,0
0,1024,1
637952,1024,1
32768,1024,1
15360,1024,1
638976,1024,1
640000,1024,1
641024,1024,0
346112,1024,1
6144,1024,1
377856,1024,1
642048,1024,1
128000,1024,1
643072,1024,0
644096,1024,1
645120,1024,1
48128,1024,1
6144,1024,1
6144,1024,0
6144,1024,1
646144,1024,1
239616,1024,1
647168,1024,1
231424,1024,1
33792,1024,1
59392,1024,1
359424,1024,1
648192,1024,0
6144,1024,1
6144,1024,1
6144,1024,1
649216,1024,1
650240,1024,0
32768,1024,1
159744,1024,1
651264,1024,0
61440,1024,1
650240,1024,1
652288,1024,1
653312,1024,1
654336,1024,1
6144,1024,1
6144,1024,1
655360,1024,0
13312,1024,1
656384,1024,0
6144,1024,1
187392,1024,1
128000,1024,1
657408,1024,1
411648,1024,0
32768,1024,1
95232,1024,1
92160,1024,0
43008,1024,0
6144,1024,1
658432,1024,0
659456,1024,0
101376,1024,1
410624,1024,1
15360,1024,0
61440,1024,0
33792,1024,1
660480,1024,1
661504,1024,1
662528,1024,1
0,1024,1
663552,1024,1
22528,1024,1
346112,1024,0
664576,1024,1
6144,1024,1
22528,1024,1
10240,1024,0
665600,1024,1
203776,1024,1
61440,1024,1
6144,1024,1
13312,1024,1
101376,1024,1
20480,1024,1
0,1024,1
242688,1024,1
666624,1024,0
6144,1024,1
6144,1024,1
655360,1024,1
36864,1024,1
667648,1024,1
668672,1024,1
669696,1024,1
5120,1024,0
193536,1024,1
48128,1024,1
3072,1024,1
413696,1024,1
6144,1024,1
15360,1024,1
6144,1024,0
24576,1024,0
6144,1024,1
15360,1024,1
670720,1024,1
6144,1024,0
286720,1024,1
0,1024,1
671744,1024,0
672768,1024,1
0,1024,1
364544,1024,1
36864,1024,1
673792,1024,1
6144,1024,0
92160,1024,1
6144,1024,1
5120,1024,1
0,1024,1
61440,1024,0
206848,1024,1
45056,1024,1
12288,1024,1
674816,1024,1
20480,1024,0
675840,1024,1
6144,1024,1
412672,1024,1
676864,1024,1
677888,1024,1
678912,1024,1
88064,1024,1
0,1024,1
679936,1024,1
680960,1024,0
3072,1024,1
198656,1024,0
13312,1024,1
20480,1024,1
33792,1024,1
117760,1024,1
681984,1024,0
15360,1024,1
683008,1024,0
6144,1024,1
121856,1024,1
684032,1024,1
228352,1024,1
685056,1024,0
6144,1024,1
686080,1024,0
687104,1024,1
364544,1024,0
33792,1024,1
0,1024,0
0,1024,1
6144,1024,1
6144,1024,1
346112,1024,1
101376,1024,1
117760,1024,1
68608,1024,1
688128,1024,1
6144,1024,0
0,1024,1
689152,1024,1
117760,1024,1
690176,1024,1
22528,1024,1
3072,1024,0
6144,1024,1
691200,1024,1
20480,1024,1
692224,1024,1
361472,1024,1
33792,1024,1
693248,1024,0
48128,1024,1
20480,1024,1
0,1024,1
694272,1024,1
0,1024,1
33792,1024,1
695296,1024,1
6144,1024,1
696320,1024,1
697344,1024,1
33792,1024,1
6144,1024,1
0,1024,1
20480,1024,1
59392,1024,1
6144,1024,0
113664,1024,0
698368,1024,1
699392,1024,1
650240,1024,1
6144,1024,1
6144,1024,1
22528,1024,1
700416,1024,1
701440,1024,1
702464,1024,1
59392,1024,1
703488,1024,0
0,1024,1
13312,1024,1
6144,1024,1
15360,1024,0
0,1024,1
22528,1024,1
6144,1024,0
704512,1024,1
705536,1024,1
24576,1024,1
15360,1024,1
706560,1024,1
61440,1024,1
22528,1024,0
707584,1024,0
708608,1024,1
6144,1024,1
6144,1024,1
6144,1024,1
33792,1024,1
36864,1024,1
709632,1024,0
218112,1024,0
5120,1024,1
36864,1024,1
22528,1024,0
101376,1024,1
710656,1024,1
10240,1024,1
139264,1024,0
711680,1024,1
712704,1024,1
0,1024,0
267264,1024,1
513024,1024,1
218112,1024,1
179200,1024,1
3072,1024,1
159744,1024,1
15360,1024,1
713728,1024,1
714752,1024,0
6144,1024,1
660480,1024,1
20480,1024,1
92160,1024,0
0,1024,0
615424,1024,1
143360,1024,1
6144,1024,0
36864,1024,1
95232,1024,1
715776,1024,1
6144,1024,1
716800,1024,1
23552,1024,1
0,1024,1
655360,1024,1
0,1024,1
15360,1024,1
717824,1024,1
0,1024,0
718848,1024,1
719872,1024,1
720896,1024,1
6144,1024,1
145408,1024,1
721920,1024,1
650240,1024,1
20480,1024,0
3072,1024,1
0,1024,1
653312,1024,0
6144,1024,1
722944,1024,1
0,1024,1
116736,1024,1
0,1024,1
0,1024,1
6144,1024,1
214016,1024,1
6144,1024,1
723968,1024,1
0,1024,1
419840,1024,1
724992,1024,1
33792,1024,1
286720,1024,0
20480,1024,1
20480,1024,1
6144,1024,1
33792,1024,1
33792,1024,1
15360,1024,1
0,1024,0
116736,1024,1
164864,1024,0
3072,1024,1
145408,1024,0
726016,1024,0
727040,1024,0
728064,1024,1
729088,1024,1
411648,1024,1
5120,1024,0
6144,1024,0
730112,1024,1
237568,1024,1
15360,1024,0
6144,1024,1
101376,1024,1
731136,1024,1
44032,1024,0
15360,1024,1
15360,1024,1
732160,1024,1
15360,1024,0
6144,1024,1
113664,1024,1
32768,1024,1
733184,1024,1
734208,1024,0
267264,1024,1
88064,1024,0
24576,1024,1
735232,1024,1
6144,1024,1
711680,1024,1
359424,1024,1
