offset,size,type 1984 1984 2000 1
0,1024,0
1024,1024,0
2048,1024,0
3072,1024,0
4096,1024,0
5120,1024,0
6144,1024,0
7168,1024,0
8192,1024,0
9216,1024,0
10240,1024,0
11264,1024,0
12288,1024,0
13312,1024,0
14336,1024,0
15360,1024,0
16384,1024,0
17408,1024,0
18432,1024,0
19456,1024,0
20480,1024,0
21504,1024,0
22528,1024,0
23552,1024,0
24576,1024,0
25600,1024,0
26624,1024,0
27648,1024,0
28672,1024,0
29696,1024,0
30720,1024,0
31744,1024,0
32768,1024,0
33792,1024,0
34816,1024,0
35840,1024,0
36864,1024,0
37888,1024,0
38912,1024,0
39936,1024,0
40960,1024,0
41984,1024,0
43008,1024,0
44032,1024,0
45056,1024,0
46080,1024,0
47104,1024,0
48128,1024,0
49152,1024,0
50176,1024,0
51200,1024,0
52224,1024,0
53248,1024,0
54272,1024,0
55296,1024,0
56320,1024,0
57344,1024,0
58368,1024,0
59392,1024,0
60416,1024,0
61440,1024,0
62464,1024,0
63488,1024,0
64512,1024,0
65536,1024,0
66560,1024,0
67584,1024,0
68608,1024,0
69632,1024,0
70656,1024,0
71680,1024,0
72704,1024,0
73728,1024,0
74752,1024,0
75776,1024,0
76800,1024,0
77824,1024,0
78848,1024,0
79872,1024,0
80896,1024,0
81920,1024,0
82944,1024,0
83968,1024,0
84992,1024,0
86016,1024,0
87040,1024,0
88064,1024,0
89088,1024,0
90112,1024,0
91136,1024,0
92160,1024,0
93184,1024,0
94208,1024,0
95232,1024,0
96256,1024,0
97280,1024,0
98304,1024,0
99328,1024,0
100352,1024,0
101376,1024,0
102400,1024,0
103424,1024,0
104448,1024,0
105472,1024,0
106496,1024,0
107520,1024,0
108544,1024,0
109568,1024,0
110592,1024,0
111616,1024,0
112640,1024,0
113664,1024,0
114688,1024,0
115712,1024,0
116736,1024,0
117760,1024,0
118784,1024,0
119808,1024,0
120832,1024,0
121856,1024,0
122880,1024,0
123904,1024,0
124928,1024,0
125952,1024,0
126976,1024,0
128000,1024,0
129024,1024,0
130048,1024,0
131072,1024,0
132096,1024,0
133120,1024,0
134144,1024,0
135168,1024,0
136192,1024,0
137216,1024,0
138240,1024,0
139264,1024,0
140288,1024,0
141312,1024,0
142336,1024,0
143360,1024,0
144384,1024,0
145408,1024,0
146432,1024,0
147456,1024,0
148480,1024,0
149504,1024,0
150528,1024,0
151552,1024,0
152576,1024,0
153600,1024,0
154624,1024,0
155648,1024,0
156672,1024,0
157696,1024,0
158720,1024,0
159744,1024,0
160768,1024,0
161792,1024,0
162816,1024,0
163840,1024,0
164864,1024,0
165888,1024,0
166912,1024,0
167936,1024,0
168960,1024,0
169984,1024,0
171008,1024,0
172032,1024,0
173056,1024,0
174080,1024,0
175104,1024,0
176128,1024,0
177152,1024,0
178176,1024,0
179200,1024,0
180224,1024,0
181248,1024,0
182272,1024,0
183296,1024,0
184320,1024,0
185344,1024,0
186368,1024,0
187392,1024,0
188416,1024,0
189440,1024,0
190464,1024,0
191488,1024,0
192512,1024,0
193536,1024,0
194560,1024,0
195584,1024,0
196608,1024,0
197632,1024,0
198656,1024,0
199680,1024,0
200704,1024,0
201728,1024,0
202752,1024,0
203776,1024,0
204800,1024,0
205824,1024,0
206848,1024,0
207872,1024,0
208896,1024,0
209920,1024,0
210944,1024,0
211968,1024,0
212992,1024,0
214016,1024,0
215040,1024,0
216064,1024,0
217088,1024,0
218112,1024,0
219136,1024,0
220160,1024,0
221184,1024,0
222208,1024,0
223232,1024,0
224256,1024,0
225280,1024,0
226304,1024,0
227328,1024,0
228352,1024,0
229376,1024,0
230400,1024,0
231424,1024,0
232448,1024,0
233472,1024,0
234496,1024,0
235520,1024,0
236544,1024,0
237568,1024,0
238592,1024,0
239616,1024,0
240640,1024,0
241664,1024,0
242688,1024,0
243712,1024,0
244736,1024,0
245760,1024,0
246784,1024,0
247808,1024,0
248832,1024,0
249856,1024,0
250880,1024,0
251904,1024,0
252928,1024,0
253952,1024,0
254976,1024,0
256000,1024,0
257024,1024,0
258048,1024,0
259072,1024,0
260096,1024,0
261120,1024,0
262144,1024,0
263168,1024,0
264192,1024,0
265216,1024,0
266240,1024,0
267264,1024,0
268288,1024,0
269312,1024,0
270336,1024,0
271360,1024,0
272384,1024,0
273408,1024,0
274432,1024,0
275456,1024,0
276480,1024,0
277504,1024,0
278528,1024,0
279552,1024,0
280576,1024,0
281600,1024,0
282624,1024,0
283648,1024,0
284672,1024,0
285696,1024,0
286720,1024,0
287744,1024,0
288768,1024,0
289792,1024,0
290816,1024,0
291840,1024,0
292864,1024,0
293888,1024,0
294912,1024,0
295936,1024,0
296960,1024,0
297984,1024,0
299008,1024,0
300032,1024,0
301056,1024,0
302080,1024,0
303104,1024,0
304128,1024,0
305152,1024,0
306176,1024,0
307200,1024,0
308224,1024,0
309248,1024,0
310272,1024,0
311296,1024,0
312320,1024,0
313344,1024,0
314368,1024,0
315392,1024,0
316416,1024,0
317440,1024,0
318464,1024,0
319488,1024,0
320512,1024,0
321536,1024,0
322560,1024,0
323584,1024,0
324608,1024,0
325632,1024,0
326656,1024,0
327680,1024,0
328704,1024,0
329728,1024,0
330752,1024,0
331776,1024,0
332800,1024,0
333824,1024,0
334848,1024,0
335872,1024,0
336896,1024,0
337920,1024,0
338944,1024,0
339968,1024,0
340992,1024,0
342016,1024,0
343040,1024,0
344064,1024,0
345088,1024,0
346112,1024,0
347136,1024,0
348160,1024,0
349184,1024,0
350208,1024,0
351232,1024,0
352256,1024,0
353280,1024,0
354304,1024,0
355328,1024,0
356352,1024,0
357376,1024,0
358400,1024,0
359424,1024,0
360448,1024,0
361472,1024,0
362496,1024,0
363520,1024,0
364544,1024,0
365568,1024,0
366592,1024,0
367616,1024,0
368640,1024,0
369664,1024,0
370688,1024,0
371712,1024,0
372736,1024,0
373760,1024,0
374784,1024,0
375808,1024,0
376832,1024,0
377856,1024,0
378880,1024,0
379904,1024,0
380928,1024,0
381952,1024,0
382976,1024,0
384000,1024,0
385024,1024,0
386048,1024,0
387072,1024,0
388096,1024,0
389120,1024,0
390144,1024,0
391168,1024,0
392192,1024,0
393216,1024,0
394240,1024,0
395264,1024,0
396288,1024,0
397312,1024,0
398336,1024,0
399360,1024,0
400384,1024,0
401408,1024,0
402432,1024,0
403456,1024,0
404480,1024,0
405504,1024,0
406528,1024,0
407552,1024,0
408576,1024,0
409600,1024,0
410624,1024,0
411648,1024,0
412672,1024,0
413696,1024,0
414720,1024,0
415744,1024,0
416768,1024,0
417792,1024,0
418816,1024,0
419840,1024,0
420864,1024,0
421888,1024,0
422912,1024,0
423936,1024,0
424960,1024,0
425984,1024,0
427008,1024,0
428032,1024,0
429056,1024,0
430080,1024,0
431104,1024,0
432128,1024,0
433152,1024,0
434176,1024,0
435200,1024,0
436224,1024,0
437248,1024,0
438272,1024,0
439296,1024,0
440320,1024,0
441344,1024,0
442368,1024,0
443392,1024,0
444416,1024,0
445440,1024,0
446464,1024,0
447488,1024,0
448512,1024,0
449536,1024,0
450560,1024,0
451584,1024,0
452608,1024,0
453632,1024,0
200704,1024,0
454656,1024,0
455680,1024,0
456704,1024,0
457728,1024,0
458752,1024,0
459776,1024,0
460800,1024,0
461824,1024,0
462848,1024,0
463872,1024,0
464896,1024,0
465920,1024,0
466944,1024,0
467968,1024,0
468992,1024,0
470016,1024,0
471040,1024,0
472064,1024,0
473088,1024,0
474112,1024,0
475136,1024,0
476160,1024,0
477184,1024,0
478208,1024,0
479232,1024,0
480256,1024,0
481280,1024,0
482304,1024,0
483328,1024,0
484352,1024,0
485376,1024,0
486400,1024,0
487424,1024,0
488448,1024,0
489472,1024,0
490496,1024,0
491520,1024,0
492544,1024,0
493568,1024,0
494592,1024,0
495616,1024,0
496640,1024,0
497664,1024,0
498688,1024,0
499712,1024,0
500736,1024,0
501760,1024,0
502784,1024,0
503808,1024,0
504832,1024,0
505856,1024,0
506880,1024,0
507904,1024,0
508928,1024,0
509952,1024,0
510976,1024,0
512000,1024,0
513024,1024,0
514048,1024,0
515072,1024,0
516096,1024,0
517120,1024,0
518144,1024,0
519168,1024,0
520192,1024,0
521216,1024,0
444416,1024,0
522240,1024,0
523264,1024,0
524288,1024,0
525312,1024,0
526336,1024,0
527360,1024,0
528384,1024,0
529408,1024,0
530432,1024,0
531456,1024,0
532480,1024,0
533504,1024,0
534528,1024,0
535552,1024,0
536576,1024,0
537600,1024,0
538624,1024,0
539648,1024,0
540672,1024,0
136192,1024,0
541696,1024,0
542720,1024,0
543744,1024,0
544768,1024,0
545792,1024,0
546816,1024,0
547840,1024,0
548864,1024,0
549888,1024,0
550912,1024,0
551936,1024,0
552960,1024,0
553984,1024,0
555008,1024,0
556032,1024,0
557056,1024,0
558080,1024,0
559104,1024,0
560128,1024,0
561152,1024,0
562176,1024,0
563200,1024,0
564224,1024,0
565248,1024,0
566272,1024,0
567296,1024,0
568320,1024,0
569344,1024,0
570368,1024,0
571392,1024,0
572416,1024,0
573440,1024,0
574464,1024,0
575488,1024,0
576512,1024,0
577536,1024,0
578560,1024,0
579584,1024,0
580608,1024,0
581632,1024,0
582656,1024,0
583680,1024,0
584704,1024,0
585728,1024,0
586752,1024,0
587776,1024,0
588800,1024,0
589824,1024,0
590848,1024,0
591872,1024,0
592896,1024,0
593920,1024,0
594944,1024,0
595968,1024,0
596992,1024,0
598016,1024,0
599040,1024,0
600064,1024,0
601088,1024,0
602112,1024,0
603136,1024,0
604160,1024,0
605184,1024,0
606208,1024,0
607232,1024,0
608256,1024,0
609280,1024,0
610304,1024,0
611328,1024,0
612352,1024,0
613376,1024,0
614400,1024,0
615424,1024,0
616448,1024,0
617472,1024,0
618496,1024,0
619520,1024,0
620544,1024,0
621568,1024,0
622592,1024,0
623616,1024,0
624640,1024,0
625664,1024,0
626688,1024,0
627712,1024,0
628736,1024,0
629760,1024,0
630784,1024,0
631808,1024,0
632832,1024,0
633856,1024,0
634880,1024,0
635904,1024,0
636928,1024,0
637952,1024,0
638976,1024,0
640000,1024,0
641024,1024,0
642048,1024,0
643072,1024,0
644096,1024,0
645120,1024,0
646144,1024,0
647168,1024,0
648192,1024,0
649216,1024,0
650240,1024,0
651264,1024,0
652288,1024,0
653312,1024,0
654336,1024,0
655360,1024,0
656384,1024,0
657408,1024,0
658432,1024,0
659456,1024,0
660480,1024,0
661504,1024,0
662528,1024,0
663552,1024,0
664576,1024,0
665600,1024,0
666624,1024,0
667648,1024,0
668672,1024,0
669696,1024,0
670720,1024,0
671744,1024,0
672768,1024,0
673792,1024,0
674816,1024,0
675840,1024,0
676864,1024,0
677888,1024,0
678912,1024,0
679936,1024,0
680960,1024,0
681984,1024,0
683008,1024,0
684032,1024,0
685056,1024,0
686080,1024,0
687104,1024,0
688128,1024,0
689152,1024,0
690176,1024,0
691200,1024,0
692224,1024,0
693248,1024,0
694272,1024,0
695296,1024,0
696320,1024,0
697344,1024,0
698368,1024,0
699392,1024,0
700416,1024,0
701440,1024,0
702464,1024,0
703488,1024,0
704512,1024,0
705536,1024,0
706560,1024,0
707584,1024,0
708608,1024,0
709632,1024,0
710656,1024,0
711680,1024,0
712704,1024,0
713728,1024,0
714752,1024,0
715776,1024,0
716800,1024,0
717824,1024,0
718848,1024,0
719872,1024,0
720896,1024,0
721920,1024,0
722944,1024,0
723968,1024,0
724992,1024,0
726016,1024,0
727040,1024,0
728064,1024,0
729088,1024,0
730112,1024,0
731136,1024,0
732160,1024,0
733184,1024,0
734208,1024,0
735232,1024,0
736256,1024,0
737280,1024,0
738304,1024,0
739328,1024,0
740352,1024,0
741376,1024,0
742400,1024,0
743424,1024,0
744448,1024,0
745472,1024,0
746496,1024,0
747520,1024,0
748544,1024,0
749568,1024,0
750592,1024,0
751616,1024,0
752640,1024,0
753664,1024,0
754688,1024,0
123904,1024,0
755712,1024,0
756736,1024,0
757760,1024,0
758784,1024,0
759808,1024,0
760832,1024,0
761856,1024,0
762880,1024,0
763904,1024,0
764928,1024,0
765952,1024,0
766976,1024,0
768000,1024,0
769024,1024,0
770048,1024,0
771072,1024,0
234496,1024,0
772096,1024,0
773120,1024,0
774144,1024,0
775168,1024,0
776192,1024,0
777216,1024,0
778240,1024,0
779264,1024,0
780288,1024,0
781312,1024,0
782336,1024,0
783360,1024,0
784384,1024,0
785408,1024,0
786432,1024,0
787456,1024,0
788480,1024,0
789504,1024,0
790528,1024,0
791552,1024,0
792576,1024,0
793600,1024,0
794624,1024,0
795648,1024,0
796672,1024,0
797696,1024,0
798720,1024,0
799744,1024,0
800768,1024,0
801792,1024,0
802816,1024,0
803840,1024,0
804864,1024,0
805888,1024,0
806912,1024,0
807936,1024,0
808960,1024,0
809984,1024,0
811008,1024,0
812032,1024,0
813056,1024,0
814080,1024,0
815104,1024,0
816128,1024,0
817152,1024,0
818176,1024,0
819200,1024,0
820224,1024,0
821248,1024,0
822272,1024,0
823296,1024,0
824320,1024,0
825344,1024,0
826368,1024,0
827392,1024,0
828416,1024,0
829440,1024,0
830464,1024,0
831488,1024,0
832512,1024,0
833536,1024,0
834560,1024,0
835584,1024,0
836608,1024,0
837632,1024,0
838656,1024,0
839680,1024,0
840704,1024,0
841728,1024,0
842752,1024,0
843776,1024,0
844800,1024,0
845824,1024,0
846848,1024,0
847872,1024,0
848896,1024,0
849920,1024,0
850944,1024,0
851968,1024,0
852992,1024,0
854016,1024,0
855040,1024,0
856064,1024,0
857088,1024,0
858112,1024,0
859136,1024,0
860160,1024,0
861184,1024,0
862208,1024,0
863232,1024,0
864256,1024,0
865280,1024,0
866304,1024,0
867328,1024,0
868352,1024,0
869376,1024,0
870400,1024,0
871424,1024,0
872448,1024,0
873472,1024,0
874496,1024,0
875520,1024,0
876544,1024,0
877568,1024,0
486400,1024,0
878592,1024,0
879616,1024,0
880640,1024,0
881664,1024,0
882688,1024,0
883712,1024,0
884736,1024,0
885760,1024,0
886784,1024,0
887808,1024,0
888832,1024,0
889856,1024,0
890880,1024,0
891904,1024,0
892928,1024,0
893952,1024,0
894976,1024,0
896000,1024,0
897024,1024,0
898048,1024,0
899072,1024,0
900096,1024,0
901120,1024,0
902144,1024,0
903168,1024,0
904192,1024,0
905216,1024,0
906240,1024,0
907264,1024,0
908288,1024,0
909312,1024,0
910336,1024,0
911360,1024,0
912384,1024,0
913408,1024,0
914432,1024,0
915456,1024,0
916480,1024,0
917504,1024,0
918528,1024,0
919552,1024,0
920576,1024,0
921600,1024,0
922624,1024,0
923648,1024,0
924672,1024,0
925696,1024,0
926720,1024,0
927744,1024,0
928768,1024,0
929792,1024,0
930816,1024,0
931840,1024,0
932864,1024,0
933888,1024,0
934912,1024,0
935936,1024,0
936960,1024,0
937984,1024,0
939008,1024,0
940032,1024,0
941056,1024,0
942080,1024,0
943104,1024,0
944128,1024,0
945152,1024,0
946176,1024,0
947200,1024,0
948224,1024,0
949248,1024,0
950272,1024,0
951296,1024,0
952320,1024,0
953344,1024,0
954368,1024,0
955392,1024,0
956416,1024,0
957440,1024,0
958464,1024,0
959488,1024,0
960512,1024,0
961536,1024,0
962560,1024,0
963584,1024,0
964608,1024,0
965632,1024,0
966656,1024,0
967680,1024,0
968704,1024,0
969728,1024,0
970752,1024,0
971776,1024,0
972800,1024,0
973824,1024,0
974848,1024,0
975872,1024,0
976896,1024,0
977920,1024,0
978944,1024,0
979968,1024,0
980992,1024,0
982016,1024,0
983040,1024,0
984064,1024,0
985088,1024,0
986112,1024,0
987136,1024,0
988160,1024,0
989184,1024,0
990208,1024,0
991232,1024,0
992256,1024,0
993280,1024,0
994304,1024,0
995328,1024,0
996352,1024,0
997376,1024,0
998400,1024,0
999424,1024,0
1000448,1024,0
1001472,1024,0
1002496,1024,0
1003520,1024,0
1004544,1024,0
1005568,1024,0
1006592,1024,0
1007616,1024,0
1008640,1024,0
1009664,1024,0
1010688,1024,0
1011712,1024,0
1012736,1024,0
1013760,1024,0
1014784,1024,0
1015808,1024,0
1016832,1024,0
1017856,1024,0
1018880,1024,0
1019904,1024,0
1020928,1024,0
1021952,1024,0
1022976,1024,0
1024000,1024,0
1025024,1024,0
1026048,1024,0
1027072,1024,0
1028096,1024,0
1029120,1024,0
1030144,1024,0
1031168,1024,0
1032192,1024,0
1033216,1024,0
1034240,1024,0
1035264,1024,0
1036288,1024,0
1037312,1024,0
1038336,1024,0
1039360,1024,0
1040384,1024,0
1041408,1024,0
1042432,1024,0
1043456,1024,0
1044480,1024,0
1045504,1024,0
1046528,1024,0
1047552,1024,0
1048576,1024,0
1049600,1024,0
1050624,1024,0
1051648,1024,0
1052672,1024,0
1053696,1024,0
1054720,1024,0
1055744,1024,0
1056768,1024,0
1057792,1024,0
1058816,1024,0
1059840,1024,0
1060864,1024,0
1061888,1024,0
1062912,1024,0
1063936,1024,0
1064960,1024,0
1065984,1024,0
1067008,1024,0
1068032,1024,0
1069056,1024,0
1070080,1024,0
1071104,1024,0
1072128,1024,0
1073152,1024,0
1074176,1024,0
1075200,1024,0
1076224,1024,0
1077248,1024,0
1078272,1024,0
1079296,1024,0
1080320,1024,0
1081344,1024,0
1082368,1024,0
1083392,1024,0
1084416,1024,0
1085440,1024,0
1086464,1024,0
1087488,1024,0
1088512,1024,0
1089536,1024,0
1090560,1024,0
1091584,1024,0
1092608,1024,0
1093632,1024,0
1094656,1024,0
1095680,1024,0
1096704,1024,0
1097728,1024,0
1098752,1024,0
1099776,1024,0
1100800,1024,0
1101824,1024,0
1102848,1024,0
1103872,1024,0
1104896,1024,0
1105920,1024,0
1106944,1024,0
1107968,1024,0
1108992,1024,0
1110016,1024,0
1111040,1024,0
1112064,1024,0
1113088,1024,0
1114112,1024,0
1115136,1024,0
1116160,1024,0
1117184,1024,0
1118208,1024,0
1119232,1024,0
1120256,1024,0
1121280,1024,0
1122304,1024,0
1123328,1024,0
1124352,1024,0
1125376,1024,0
1126400,1024,0
1127424,1024,0
1128448,1024,0
1129472,1024,0
1130496,1024,0
1131520,1024,0
1132544,1024,0
1133568,1024,0
1134592,1024,0
1135616,1024,0
1136640,1024,0
1137664,1024,0
1138688,1024,0
1139712,1024,0
1140736,1024,0
1141760,1024,0
1142784,1024,0
1133568,1024,0
1143808,1024,0
1144832,1024,0
1145856,1024,0
1146880,1024,0
1147904,1024,0
1148928,1024,0
1149952,1024,0
1150976,1024,0
1152000,1024,0
1153024,1024,0
1154048,1024,0
1155072,1024,0
1156096,1024,0
1157120,1024,0
1158144,1024,0
1159168,1024,0
1160192,1024,0
1161216,1024,0
1162240,1024,0
102400,1024,0
1163264,1024,0
1164288,1024,0
1165312,1024,0
1166336,1024,0
1167360,1024,0
1168384,1024,0
1169408,1024,0
1170432,1024,0
1171456,1024,0
1172480,1024,0
1173504,1024,0
1174528,1024,0
1175552,1024,0
1176576,1024,0
1177600,1024,0
1178624,1024,0
1179648,1024,0
1180672,1024,0
1181696,1024,0
1182720,1024,0
1183744,1024,0
1184768,1024,0
1185792,1024,0
1186816,1024,0
1187840,1024,0
1188864,1024,0
1189888,1024,0
1190912,1024,0
1191936,1024,0
1192960,1024,0
1193984,1024,0
1195008,1024,0
1196032,1024,0
1197056,1024,0
1198080,1024,0
1199104,1024,0
1200128,1024,0
1201152,1024,0
1202176,1024,0
1203200,1024,0
1204224,1024,0
1205248,1024,0
1206272,1024,0
1207296,1024,0
1208320,1024,0
1209344,1024,0
1210368,1024,0
1211392,1024,0
1212416,1024,0
1213440,1024,0
1214464,1024,0
1215488,1024,0
1216512,1024,0
1217536,1024,0
1218560,1024,0
1219584,1024,0
1220608,1024,0
1221632,1024,0
1222656,1024,0
1223680,1024,0
1224704,1024,0
1225728,1024,0
1226752,1024,0
1227776,1024,0
1228800,1024,0
1229824,1024,0
1230848,1024,0
1231872,1024,0
1232896,1024,0
1233920,1024,0
1234944,1024,0
1235968,1024,0
1236992,1024,0
1238016,1024,0
1239040,1024,0
1240064,1024,0
1241088,1024,0
1242112,1024,0
1243136,1024,0
1244160,1024,0
1245184,1024,0
1246208,1024,0
1247232,1024,0
1248256,1024,0
1249280,1024,0
1250304,1024,0
1251328,1024,0
1252352,1024,0
1253376,1024,0
1254400,1024,0
1255424,1024,0
1256448,1024,0
1257472,1024,0
1258496,1024,0
1259520,1024,0
1260544,1024,0
1261568,1024,0
1262592,1024,0
490496,1024,0
1263616,1024,0
1264640,1024,0
1265664,1024,0
1266688,1024,0
1267712,1024,0
1268736,1024,0
1269760,1024,0
1270784,1024,0
1271808,1024,0
1272832,1024,0
1273856,1024,0
1274880,1024,0
1275904,1024,0
1276928,1024,0
1277952,1024,0
1278976,1024,0
1280000,1024,0
1281024,1024,0
1282048,1024,0
1283072,1024,0
1284096,1024,0
1285120,1024,0
1286144,1024,0
1287168,1024,0
1288192,1024,0
1289216,1024,0
1290240,1024,0
1291264,1024,0
1292288,1024,0
1293312,1024,0
1294336,1024,0
1295360,1024,0
1296384,1024,0
1297408,1024,0
1298432,1024,0
1299456,1024,0
1300480,1024,0
1301504,1024,0
1302528,1024,0
1303552,1024,0
1304576,1024,0
1305600,1024,0
1306624,1024,0
1307648,1024,0
1308672,1024,0
1309696,1024,0
1310720,1024,0
1311744,1024,0
1312768,1024,0
1313792,1024,0
1314816,1024,0
1315840,1024,0
1316864,1024,0
1317888,1024,0
1318912,1024,0
1319936,1024,0
1320960,1024,0
1321984,1024,0
1323008,1024,0
1324032,1024,0
1325056,1024,0
1326080,1024,0
1327104,1024,0
1328128,1024,0
1329152,1024,0
1330176,1024,0
1331200,1024,0
1332224,1024,0
1333248,1024,0
1334272,1024,0
1335296,1024,0
1336320,1024,0
1337344,1024,0
1338368,1024,0
1339392,1024,0
1340416,1024,0
1341440,1024,0
1342464,1024,0
1343488,1024,0
1344512,1024,0
1345536,1024,0
1346560,1024,0
1347584,1024,0
1348608,1024,0
1349632,1024,0
1350656,1024,0
1351680,1024,0
1352704,1024,0
1353728,1024,0
1354752,1024,0
1355776,1024,0
1356800,1024,0
1357824,1024,0
1358848,1024,0
1359872,1024,0
1360896,1024,0
1361920,1024,0
1362944,1024,0
1363968,1024,0
1364992,1024,0
1366016,1024,0
1367040,1024,0
1368064,1024,0
1369088,1024,0
1370112,1024,0
1371136,1024,0
1372160,1024,0
1373184,1024,0
1374208,1024,0
1375232,1024,0
1376256,1024,0
1377280,1024,0
1378304,1024,0
1379328,1024,0
1380352,1024,0
1381376,1024,0
1382400,1024,0
1383424,1024,0
1384448,1024,0
1385472,1024,0
1386496,1024,0
1387520,1024,0
1388544,1024,0
1389568,1024,0
1390592,1024,0
1391616,1024,0
1392640,1024,0
1393664,1024,0
1394688,1024,0
1395712,1024,0
1396736,1024,0
1397760,1024,0
1398784,1024,0
1399808,1024,0
1400832,1024,0
1401856,1024,0
1402880,1024,0
1403904,1024,0
1404928,1024,0
1405952,1024,0
1406976,1024,0
1408000,1024,0
1409024,1024,0
1410048,1024,0
1411072,1024,0
1412096,1024,0
1413120,1024,0
1414144,1024,0
1415168,1024,0
1416192,1024,0
1417216,1024,0
1418240,1024,0
1419264,1024,0
1420288,1024,0
1421312,1024,0
1422336,1024,0
1423360,1024,0
1424384,1024,0
1425408,1024,0
1426432,1024,0
1427456,1024,0
1428480,1024,0
1429504,1024,0
1430528,1024,0
1431552,1024,0
1432576,1024,0
1433600,1024,0
1434624,1024,0
1435648,1024,0
1436672,1024,0
1437696,1024,0
1438720,1024,0
1439744,1024,0
1440768,1024,0
1441792,1024,0
1442816,1024,0
1443840,1024,0
1444864,1024,0
1445888,1024,0
1446912,1024,0
1447936,1024,0
1448960,1024,0
1449984,1024,0
1451008,1024,0
1452032,1024,0
1453056,1024,0
1454080,1024,0
1455104,1024,0
1456128,1024,0
1457152,1024,0
1458176,1024,0
1459200,1024,0
1460224,1024,0
1461248,1024,0
1428480,1024,0
1462272,1024,0
1463296,1024,0
1464320,1024,0
1465344,1024,0
1466368,1024,0
1467392,1024,0
1468416,1024,0
1469440,1024,0
1470464,1024,0
1471488,1024,0
1472512,1024,0
1473536,1024,0
1474560,1024,0
1475584,1024,0
1476608,1024,0
1477632,1024,0
1478656,1024,0
1479680,1024,0
1480704,1024,0
1481728,1024,0
1482752,1024,0
1483776,1024,0
1484800,1024,0
1485824,1024,0
1486848,1024,0
1487872,1024,0
1488896,1024,0
1489920,1024,0
1490944,1024,0
1491968,1024,0
1492992,1024,0
1494016,1024,0
1495040,1024,0
1496064,1024,0
1497088,1024,0
1498112,1024,0
1499136,1024,0
1500160,1024,0
1501184,1024,0
1502208,1024,0
1503232,1024,0
1504256,1024,0
1505280,1024,0
1506304,1024,0
1507328,1024,0
1508352,1024,0
1509376,1024,0
1510400,1024,0
1511424,1024,0
1512448,1024,0
1513472,1024,0
1514496,1024,0
1515520,1024,0
1516544,1024,0
1517568,1024,0
1518592,1024,0
1519616,1024,0
1520640,1024,0
1521664,1024,0
1522688,1024,0
1523712,1024,0
1524736,1024,0
1525760,1024,0
1526784,1024,0
1527808,1024,0
1528832,1024,0
1529856,1024,0
1530880,1024,0
1531904,1024,0
1532928,1024,0
1533952,1024,0
1534976,1024,0
1536000,1024,0
1537024,1024,0
1538048,1024,0
1539072,1024,0
1540096,1024,0
1541120,1024,0
1542144,1024,0
1543168,1024,0
1544192,1024,0
1545216,1024,0
1546240,1024,0
1547264,1024,0
1548288,1024,0
1549312,1024,0
1550336,1024,0
1551360,1024,0
1552384,1024,0
1553408,1024,0
1554432,1024,0
1555456,1024,0
1556480,1024,0
1557504,1024,0
1558528,1024,0
1559552,1024,0
1560576,1024,0
1561600,1024,0
1562624,1024,0
1563648,1024,0
1564672,1024,0
1565696,1024,0
1566720,1024,0
1567744,1024,0
1568768,1024,0
1569792,1024,0
1570816,1024,0
1571840,1024,0
1572864,1024,0
1573888,1024,0
1574912,1024,0
1575936,1024,0
513024,1024,0
1576960,1024,0
1577984,1024,0
1579008,1024,0
1580032,1024,0
1581056,1024,0
1582080,1024,0
1583104,1024,0
1584128,1024,0
1585152,1024,0
1586176,1024,0
1587200,1024,0
1588224,1024,0
1589248,1024,0
1590272,1024,0
1591296,1024,0
1592320,1024,0
1593344,1024,0
1594368,1024,0
1595392,1024,0
1596416,1024,0
1597440,1024,0
1598464,1024,0
1599488,1024,0
1600512,1024,0
1601536,1024,0
1602560,1024,0
1603584,1024,0
1604608,1024,0
1605632,1024,0
1606656,1024,0
1607680,1024,0
1608704,1024,0
1609728,1024,0
1610752,1024,0
1611776,1024,0
1612800,1024,0
1613824,1024,0
1614848,1024,0
1615872,1024,0
1616896,1024,0
1617920,1024,0
1618944,1024,0
1619968,1024,0
1620992,1024,0
1622016,1024,0
1623040,1024,0
1624064,1024,0
1625088,1024,0
1626112,1024,0
1627136,1024,0
1628160,1024,0
1629184,1024,0
1630208,1024,0
1631232,1024,0
1632256,1024,0
1633280,1024,0
1634304,1024,0
1635328,1024,0
1636352,1024,0
1637376,1024,0
1638400,1024,0
1639424,1024,0
1640448,1024,0
1641472,1024,0
1642496,1024,0
1643520,1024,0
1644544,1024,0
1645568,1024,0
1646592,1024,0
1647616,1024,0
1648640,1024,0
1649664,1024,0
1650688,1024,0
1651712,1024,0
1652736,1024,0
1653760,1024,0
1654784,1024,0
1655808,1024,0
1656832,1024,0
1657856,1024,0
1658880,1024,0
1659904,1024,0
1660928,1024,0
1661952,1024,0
1662976,1024,0
1664000,1024,0
1665024,1024,0
1666048,1024,0
1667072,1024,0
1668096,1024,0
1669120,1024,0
1670144,1024,0
1671168,1024,0
1672192,1024,0
1673216,1024,0
1674240,1024,0
1675264,1024,0
1676288,1024,0
1677312,1024,0
1678336,1024,0
1679360,1024,0
1680384,1024,0
1681408,1024,0
1682432,1024,0
1683456,1024,0
1684480,1024,0
1685504,1024,0
1686528,1024,0
1687552,1024,0
1688576,1024,0
1689600,1024,0
1690624,1024,0
1691648,1024,0
1692672,1024,0
1693696,1024,0
1694720,1024,0
1695744,1024,0
1696768,1024,0
1697792,1024,0
1698816,1024,0
1699840,1024,0
1700864,1024,0
1701888,1024,0
1702912,1024,0
1703936,1024,0
1704960,1024,0
1705984,1024,0
1707008,1024,0
1708032,1024,0
1709056,1024,0
1710080,1024,0
1711104,1024,0
1712128,1024,0
1713152,1024,0
1714176,1024,0
1715200,1024,0
1716224,1024,0
1717248,1024,0
1718272,1024,0
1719296,1024,0
1720320,1024,0
1721344,1024,0
1722368,1024,0
1723392,1024,0
1724416,1024,0
1725440,1024,0
1726464,1024,0
1727488,1024,0
1728512,1024,0
1729536,1024,0
1730560,1024,0
1731584,1024,0
1732608,1024,0
1733632,1024,0
1734656,1024,0
1735680,1024,0
1736704,1024,0
1737728,1024,0
1738752,1024,0
1739776,1024,0
1740800,1024,0
1741824,1024,0
1742848,1024,0
342016,1024,0
1743872,1024,0
1744896,1024,0
1745920,1024,0
1746944,1024,0
1747968,1024,0
1748992,1024,0
1750016,1024,0
1751040,1024,0
1752064,1024,0
1753088,1024,0
1754112,1024,0
1755136,1024,0
1756160,1024,0
1757184,1024,0
1758208,1024,0
1759232,1024,0
1760256,1024,0
1761280,1024,0
1762304,1024,0
1763328,1024,0
1764352,1024,0
1765376,1024,0
1766400,1024,0
1767424,1024,0
1768448,1024,0
1769472,1024,0
1770496,1024,0
1771520,1024,0
1772544,1024,0
1773568,1024,0
1774592,1024,0
1775616,1024,0
1776640,1024,0
1777664,1024,0
1778688,1024,0
1779712,1024,0
1780736,1024,0
1781760,1024,0
1782784,1024,0
1783808,1024,0
1784832,1024,0
1785856,1024,0
1786880,1024,0
1787904,1024,0
1788928,1024,0
1789952,1024,0
1790976,1024,0
1792000,1024,0
1793024,1024,0
1794048,1024,0
1795072,1024,0
1796096,1024,0
1797120,1024,0
1798144,1024,0
1799168,1024,0
1800192,1024,0
1801216,1024,0
1802240,1024,0
1803264,1024,0
1804288,1024,0
1805312,1024,0
1806336,1024,0
1807360,1024,0
1808384,1024,0
1809408,1024,0
1810432,1024,0
1811456,1024,0
1812480,1024,0
1813504,1024,0
1814528,1024,0
1129472,1024,0
1815552,1024,0
1816576,1024,0
1817600,1024,0
1818624,1024,0
1819648,1024,0
1820672,1024,0
1821696,1024,0
1822720,1024,0
1823744,1024,0
1824768,1024,0
1825792,1024,0
1826816,1024,0
1827840,1024,0
1828864,1024,0
1829888,1024,0
1830912,1024,0
1831936,1024,0
1832960,1024,0
1833984,1024,0
1835008,1024,0
1836032,1024,0
1837056,1024,0
1838080,1024,0
1839104,1024,0
1840128,1024,0
1841152,1024,0
1842176,1024,0
1843200,1024,0
1844224,1024,0
1845248,1024,0
1846272,1024,0
1847296,1024,0
1848320,1024,0
1849344,1024,0
1850368,1024,0
1851392,1024,0
1852416,1024,0
1853440,1024,0
1854464,1024,0
1855488,1024,0
1856512,1024,0
1857536,1024,0
1858560,1024,0
1859584,1024,0
1860608,1024,0
1861632,1024,0
1862656,1024,0
1863680,1024,0
1864704,1024,0
1865728,1024,0
1866752,1024,0
1867776,1024,0
1868800,1024,0
1869824,1024,0
1870848,1024,0
1871872,1024,0
1872896,1024,0
1873920,1024,0
1874944,1024,0
1875968,1024,0
1876992,1024,0
1878016,1024,0
1879040,1024,0
1880064,1024,0
1881088,1024,0
312320,1024,0
1882112,1024,0
1883136,1024,0
1884160,1024,0
1885184,1024,0
1886208,1024,0
1887232,1024,0
1888256,1024,0
1889280,1024,0
1890304,1024,0
1891328,1024,0
1892352,1024,0
1893376,1024,0
1894400,1024,0
1895424,1024,0
1896448,1024,0
1897472,1024,0
1898496,1024,0
1899520,1024,0
1900544,1024,0
1901568,1024,0
1902592,1024,0
1903616,1024,0
1904640,1024,0
1905664,1024,0
1906688,1024,0
1907712,1024,0
1908736,1024,0
1909760,1024,0
1910784,1024,0
1911808,1024,0
1912832,1024,0
1913856,1024,0
1914880,1024,0
1915904,1024,0
1916928,1024,0
1917952,1024,0
1918976,1024,0
1920000,1024,0
1921024,1024,0
1922048,1024,0
1923072,1024,0
1924096,1024,0
1925120,1024,0
1926144,1024,0
1927168,1024,0
1928192,1024,0
1929216,1024,0
1930240,1024,0
1931264,1024,0
1932288,1024,0
1933312,1024,0
1934336,1024,0
1192960,1024,0
1935360,1024,0
1936384,1024,0
1937408,1024,0
1938432,1024,0
1939456,1024,0
1940480,1024,0
1941504,1024,0
1942528,1024,0
1943552,1024,0
1944576,1024,0
1945600,1024,0
1946624,1024,0
1947648,1024,0
1948672,1024,0
1949696,1024,0
1950720,1024,0
1951744,1024,0
1952768,1024,0
1953792,1024,0
1954816,1024,0
1955840,1024,0
1956864,1024,0
1957888,1024,0
1958912,1024,0
1959936,1024,0
1960960,1024,0
1961984,1024,0
1963008,1024,0
1964032,1024,0
1965056,1024,0
1966080,1024,0
1967104,1024,0
1968128,1024,0
1969152,1024,0
1970176,1024,0
1971200,1024,0
1972224,1024,0
1973248,1024,0
1974272,1024,0
1975296,1024,0
1976320,1024,0
1977344,1024,0
1978368,1024,0
1979392,1024,0
1980416,1024,0
1981440,1024,0
1982464,1024,0
1983488,1024,0
1984512,1024,0
1985536,1024,0
1986560,1024,0
1987584,1024,0
1988608,1024,0
1989632,1024,0
1990656,1024,0
1991680,1024,0
1992704,1024,0
1993728,1024,0
1994752,1024,0
1995776,1024,0
1996800,1024,0
1997824,1024,0
1998848,1024,0
1999872,1024,0
2000896,1024,0
2001920,1024,0
2002944,1024,0
2003968,1024,0
2004992,1024,0
2006016,1024,0
2007040,1024,0
2008064,1024,0
2009088,1024,0
2010112,1024,0
2011136,1024,0
2012160,1024,0
2013184,1024,0
2014208,1024,0
2015232,1024,0
1994752,1024,0
2016256,1024,0
2017280,1024,0
2018304,1024,0
2019328,1024,0
2020352,1024,0
2021376,1024,0
2022400,1024,0
2023424,1024,0
2024448,1024,0
2025472,1024,0
2026496,1024,0
2027520,1024,0
2028544,1024,0
2029568,1024,0
2030592,1024,0
