offset,size,type 855 855 2000 4
0,4096,1
4096,4096,0
8192,4096,0
8192,4096,1
8192,4096,1
12288,4096,1
16384,4096,1
20480,4096,1
24576,4096,1
28672,4096,0
32768,4096,1
36864,4096,1
40960,4096,1
45056,4096,1
49152,4096,1
8192,4096,0
53248,4096,1
57344,4096,0
61440,4096,1
65536,4096,1
69632,4096,0
8192,4096,1
73728,4096,1
77824,4096,0
81920,4096,1
86016,4096,0
90112,4096,0
86016,4096,1
8192,4096,0
8192,4096,1
94208,4096,1
98304,4096,1
102400,4096,1
106496,4096,1
110592,4096,1
114688,4096,1
57344,4096,1
8192,4096,1
118784,4096,1
122880,4096,0
126976,4096,1
131072,4096,1
57344,4096,0
98304,4096,1
135168,4096,1
139264,4096,1
143360,4096,1
147456,4096,1
151552,4096,0
57344,4096,1
155648,4096,1
159744,4096,1
163840,4096,1
167936,4096,1
172032,4096,1
159744,4096,0
176128,4096,0
180224,4096,1
155648,4096,1
8192,4096,0
184320,4096,1
188416,4096,1
86016,4096,1
192512,4096,0
81920,4096,1
196608,4096,1
200704,4096,1
204800,4096,1
98304,4096,1
98304,4096,1
57344,4096,0
208896,4096,0
212992,4096,1
8192,4096,0
217088,4096,1
57344,4096,1
221184,4096,1
225280,4096,1
86016,4096,1
229376,4096,1
233472,4096,1
237568,4096,1
86016,4096,0
155648,4096,1
57344,4096,1
241664,4096,1
245760,4096,1
8192,4096,1
249856,4096,1
253952,4096,1
258048,4096,1
262144,4096,1
266240,4096,0
270336,4096,1
274432,4096,1
98304,4096,1
278528,4096,1
282624,4096,0
286720,4096,1
290816,4096,1
294912,4096,1
299008,4096,1
303104,4096,1
307200,4096,1
311296,4096,1
229376,4096,1
86016,4096,0
315392,4096,0
319488,4096,0
323584,4096,1
327680,4096,1
8192,4096,1
331776,4096,1
57344,4096,1
335872,4096,1
98304,4096,1
339968,4096,1
8192,4096,1
344064,4096,1
348160,4096,1
8192,4096,1
352256,4096,1
86016,4096,1
8192,4096,1
8192,4096,1
331776,4096,1
221184,4096,0
98304,4096,1
356352,4096,1
360448,4096,1
8192,4096,1
57344,4096,1
98304,4096,1
364544,4096,1
8192,4096,1
368640,4096,1
98304,4096,1
8192,4096,0
8192,4096,1
372736,4096,1
376832,4096,1
380928,4096,1
8192,4096,0
385024,4096,1
155648,4096,1
389120,4096,0
8192,4096,0
393216,4096,0
8192,4096,1
397312,4096,1
401408,4096,1
405504,4096,1
331776,4096,1
98304,4096,1
409600,4096,1
413696,4096,1
417792,4096,1
8192,4096,1
421888,4096,1
98304,4096,0
425984,4096,1
430080,4096,0
434176,4096,1
438272,4096,1
57344,4096,1
28672,4096,1
442368,4096,0
446464,4096,1
450560,4096,1
454656,4096,1
8192,4096,1
458752,4096,1
462848,4096,1
466944,4096,1
471040,4096,1
290816,4096,1
475136,4096,1
94208,4096,1
57344,4096,1
57344,4096,1
8192,4096,1
57344,4096,1
479232,4096,1
483328,4096,0
487424,4096,1
491520,4096,0
495616,4096,1
499712,4096,1
86016,4096,1
503808,4096,1
8192,4096,1
458752,4096,1
507904,4096,1
512000,4096,1
57344,4096,1
516096,4096,1
57344,4096,1
98304,4096,1
520192,4096,1
434176,4096,1
524288,4096,1
8192,4096,1
528384,4096,1
20480,4096,1
532480,4096,0
536576,4096,1
540672,4096,1
544768,4096,1
548864,4096,1
57344,4096,1
552960,4096,1
557056,4096,1
561152,4096,1
73728,4096,1
565248,4096,1
569344,4096,1
8192,4096,1
573440,4096,1
483328,4096,1
8192,4096,1
577536,4096,1
581632,4096,1
98304,4096,1
86016,4096,1
585728,4096,1
589824,4096,0
483328,4096,1
8192,4096,1
593920,4096,1
598016,4096,1
602112,4096,1
606208,4096,1
610304,4096,1
86016,4096,1
614400,4096,1
57344,4096,1
618496,4096,1
98304,4096,0
622592,4096,1
626688,4096,1
630784,4096,1
634880,4096,0
610304,4096,1
638976,4096,1
86016,4096,1
643072,4096,1
647168,4096,0
8192,4096,1
651264,4096,1
655360,4096,1
573440,4096,1
659456,4096,1
434176,4096,1
81920,4096,1
663552,4096,1
155648,4096,1
667648,4096,1
98304,4096,1
57344,4096,1
8192,4096,1
8192,4096,1
671744,4096,1
86016,4096,0
217088,4096,1
8192,4096,1
675840,4096,0
57344,4096,1
679936,4096,1
8192,4096,1
684032,4096,1
688128,4096,1
692224,4096,1
8192,4096,1
155648,4096,1
696320,4096,1
57344,4096,0
73728,4096,1
57344,4096,1
700416,4096,1
704512,4096,1
8192,4096,1
8192,4096,1
708608,4096,0
712704,4096,0
716800,4096,1
483328,4096,1
86016,4096,0
720896,4096,1
8192,4096,1
483328,4096,1
724992,4096,1
86016,4096,1
233472,4096,1
729088,4096,0
8192,4096,1
733184,4096,1
98304,4096,1
737280,4096,1
741376,4096,1
8192,4096,0
745472,4096,1
749568,4096,1
155648,4096,0
753664,4096,1
458752,4096,1
757760,4096,1
610304,4096,1
86016,4096,1
761856,4096,1
765952,4096,1
57344,4096,0
770048,4096,1
774144,4096,0
778240,4096,1
782336,4096,1
573440,4096,1
786432,4096,1
790528,4096,1
794624,4096,1
573440,4096,1
106496,4096,1
57344,4096,1
86016,4096,1
57344,4096,0
8192,4096,1
8192,4096,1
798720,4096,1
8192,4096,1
610304,4096,1
802816,4096,1
806912,4096,0
811008,4096,1
434176,4096,1
815104,4096,1
819200,4096,1
823296,4096,1
110592,4096,1
827392,4096,1
385024,4096,1
831488,4096,1
835584,4096,1
839680,4096,1
843776,4096,1
847872,4096,1
8192,4096,1
28672,4096,1
98304,4096,1
8192,4096,0
851968,4096,1
8192,4096,1
86016,4096,1
81920,4096,0
94208,4096,1
856064,4096,0
860160,4096,1
864256,4096,1
57344,4096,1
868352,4096,1
872448,4096,1
876544,4096,1
8192,4096,1
880640,4096,1
884736,4096,1
741376,4096,1
888832,4096,1
892928,4096,1
98304,4096,0
897024,4096,0
901120,4096,1
86016,4096,1
98304,4096,1
843776,4096,1
905216,4096,1
8192,4096,1
8192,4096,1
565248,4096,1
8192,4096,1
57344,4096,0
57344,4096,1
909312,4096,0
57344,4096,1
483328,4096,1
303104,4096,1
8192,4096,1
913408,4096,0
917504,4096,1
8192,4096,0
8192,4096,1
610304,4096,1
385024,4096,1
483328,4096,1
921600,4096,1
86016,4096,1
8192,4096,1
57344,4096,1
8192,4096,1
86016,4096,1
8192,4096,1
8192,4096,1
925696,4096,1
270336,4096,1
86016,4096,1
929792,4096,1
933888,4096,1
57344,4096,1
86016,4096,0
8192,4096,0
937984,4096,1
8192,4096,0
610304,4096,1
942080,4096,1
8192,4096,0
57344,4096,1
946176,4096,1
950272,4096,1
954368,4096,1
958464,4096,1
962560,4096,1
966656,4096,1
4096,4096,1
970752,4096,0
610304,4096,1
458752,4096,1
880640,4096,1
98304,4096,1
69632,4096,1
974848,4096,1
385024,4096,1
8192,4096,1
28672,4096,0
110592,4096,1
110592,4096,1
978944,4096,1
983040,4096,1
8192,4096,0
98304,4096,1
987136,4096,0
458752,4096,1
991232,4096,1
57344,4096,1
995328,4096,1
999424,4096,1
98304,4096,1
1003520,4096,0
1007616,4096,1
1011712,4096,1
1015808,4096,1
57344,4096,1
331776,4096,1
1019904,4096,1
8192,4096,0
1024000,4096,1
1028096,4096,1
8192,4096,0
1032192,4096,1
389120,4096,0
8192,4096,1
770048,4096,0
86016,4096,1
1036288,4096,1
8192,4096,1
8192,4096,1
1040384,4096,0
1044480,4096,1
98304,4096,0
610304,4096,1
1048576,4096,1
8192,4096,1
28672,4096,1
1052672,4096,1
98304,4096,1
385024,4096,0
86016,4096,0
1056768,4096,1
1048576,4096,1
610304,4096,0
8192,4096,0
57344,4096,1
57344,4096,0
8192,4096,1
8192,4096,1
1060864,4096,1
1064960,4096,1
1069056,4096,0
458752,4096,1
1073152,4096,1
610304,4096,1
155648,4096,1
57344,4096,1
851968,4096,1
659456,4096,1
1077248,4096,0
155648,4096,1
57344,4096,1
1081344,4096,0
86016,4096,1
483328,4096,0
1085440,4096,1
1089536,4096,1
1093632,4096,1
1097728,4096,1
1101824,4096,1
86016,4096,1
1105920,4096,1
8192,4096,1
8192,4096,1
8192,4096,0
1110016,4096,1
8192,4096,1
1114112,4096,1
278528,4096,1
1118208,4096,1
1122304,4096,1
1126400,4096,1
1130496,4096,1
1134592,4096,0
1138688,4096,1
98304,4096,0
1142784,4096,1
1146880,4096,1
843776,4096,1
155648,4096,1
4096,4096,1
1150976,4096,1
1155072,4096,1
8192,4096,1
1159168,4096,0
57344,4096,1
86016,4096,1
712704,4096,0
155648,4096,1
1097728,4096,1
8192,4096,1
1163264,4096,1
385024,4096,1
98304,4096,0
872448,4096,1
434176,4096,1
98304,4096,0
98304,4096,1
8192,4096,1
1167360,4096,0
155648,4096,1
98304,4096,1
1171456,4096,0
1175552,4096,1
8192,4096,0
8192,4096,1
86016,4096,0
86016,4096,1
8192,4096,1
1179648,4096,1
8192,4096,0
1183744,4096,1
155648,4096,1
57344,4096,1
806912,4096,0
106496,4096,1
1187840,4096,1
385024,4096,1
1191936,4096,1
8192,4096,1
8192,4096,1
28672,4096,1
1196032,4096,1
1200128,4096,1
8192,4096,1
57344,4096,1
86016,4096,1
98304,4096,1
1048576,4096,1
1204224,4096,1
610304,4096,0
229376,4096,0
1208320,4096,0
1212416,4096,1
1216512,4096,1
1048576,4096,1
1220608,4096,1
1224704,4096,1
86016,4096,1
331776,4096,1
872448,4096,1
987136,4096,0
1228800,4096,1
1232896,4096,0
1236992,4096,1
8192,4096,1
86016,4096,1
1241088,4096,1
8192,4096,1
1245184,4096,1
8192,4096,1
1249280,4096,1
1253376,4096,1
843776,4096,1
1257472,4096,0
1261568,4096,1
1265664,4096,1
1269760,4096,1
1273856,4096,1
1277952,4096,1
614400,4096,1
98304,4096,1
700416,4096,1
57344,4096,1
8192,4096,1
1282048,4096,0
1286144,4096,1
946176,4096,1
1290240,4096,0
1294336,4096,1
98304,4096,1
1298432,4096,0
8192,4096,1
1302528,4096,1
4096,4096,1
741376,4096,1
98304,4096,1
8192,4096,1
1306624,4096,1
1310720,4096,1
8192,4096,1
1314816,4096,1
1318912,4096,1
1323008,4096,1
8192,4096,0
1327104,4096,1
28672,4096,1
98304,4096,1
1331200,4096,1
8192,4096,0
8192,4096,0
1335296,4096,1
434176,4096,1
8192,4096,1
1339392,4096,1
1056768,4096,1
458752,4096,1
1343488,4096,1
8192,4096,1
1347584,4096,0
1351680,4096,1
573440,4096,1
98304,4096,0
57344,4096,1
8192,4096,0
331776,4096,1
8192,4096,1
98304,4096,1
1355776,4096,0
1359872,4096,0
8192,4096,1
28672,4096,1
1363968,4096,1
8192,4096,1
1368064,4096,1
483328,4096,0
1224704,4096,1
1372160,4096,0
57344,4096,1
8192,4096,1
1376256,4096,1
880640,4096,1
1380352,4096,1
1384448,4096,0
872448,4096,0
1388544,4096,0
86016,4096,1
94208,4096,1
1392640,4096,0
98304,4096,1
8192,4096,0
1396736,4096,0
610304,4096,1
1048576,4096,1
868352,4096,0
1400832,4096,1
57344,4096,1
1404928,4096,0
81920,4096,0
1409024,4096,1
1413120,4096,0
1224704,4096,1
1417216,4096,1
1421312,4096,0
700416,4096,1
86016,4096,1
57344,4096,1
290816,4096,1
1425408,4096,1
28672,4096,1
8192,4096,1
57344,4096,1
1429504,4096,1
1433600,4096,1
69632,4096,1
98304,4096,1
1437696,4096,1
614400,4096,1
28672,4096,1
1441792,4096,1
843776,4096,0
28672,4096,1
8192,4096,1
8192,4096,1
1445888,4096,1
28672,4096,1
1449984,4096,0
1224704,4096,1
1454080,4096,1
434176,4096,1
8192,4096,1
1458176,4096,1
1462272,4096,1
8192,4096,1
1466368,4096,1
950272,4096,1
1470464,4096,0
1372160,4096,1
1200128,4096,1
1474560,4096,1
1478656,4096,0
8192,4096,0
573440,4096,1
1482752,4096,1
57344,4096,0
8192,4096,1
57344,4096,1
458752,4096,1
1486848,4096,0
712704,4096,1
1490944,4096,1
385024,4096,1
1495040,4096,1
94208,4096,1
57344,4096,1
749568,4096,0
741376,4096,0
610304,4096,1
1499136,4096,1
1503232,4096,0
1507328,4096,1
57344,4096,1
1511424,4096,1
28672,4096,1
1515520,4096,1
311296,4096,1
385024,4096,1
1519616,4096,1
1523712,4096,1
57344,4096,1
1527808,4096,0
86016,4096,0
610304,4096,1
155648,4096,1
1531904,4096,1
712704,4096,1
57344,4096,1
331776,4096,1
1536000,4096,0
8192,4096,1
1540096,4096,0
57344,4096,1
1544192,4096,1
8192,4096,1
290816,4096,1
1548288,4096,0
8192,4096,0
28672,4096,1
1552384,4096,0
8192,4096,1
57344,4096,1
8192,4096,1
1556480,4096,1
57344,4096,1
454656,4096,1
8192,4096,1
8192,4096,1
155648,4096,0
8192,4096,1
8192,4096,1
1560576,4096,0
1564672,4096,1
8192,4096,1
212992,4096,1
57344,4096,1
1568768,4096,0
1572864,4096,1
1224704,4096,1
8192,4096,1
155648,4096,1
880640,4096,1
1576960,4096,1
1581056,4096,1
1585152,4096,0
610304,4096,1
1589248,4096,0
1593344,4096,1
69632,4096,1
1597440,4096,1
1601536,4096,1
1605632,4096,1
1609728,4096,1
1613824,4096,1
1617920,4096,1
1622016,4096,1
57344,4096,1
1626112,4096,0
1630208,4096,1
57344,4096,0
8192,4096,1
1634304,4096,1
1638400,4096,1
8192,4096,1
483328,4096,1
8192,4096,1
1642496,4096,1
8192,4096,1
8192,4096,0
610304,4096,1
8192,4096,1
1646592,4096,1
8192,4096,0
1650688,4096,1
1654784,4096,1
610304,4096,1
565248,4096,1
1171456,4096,1
1658880,4096,0
1662976,4096,1
1667072,4096,1
28672,4096,1
1671168,4096,1
1675264,4096,1
1679360,4096,0
57344,4096,1
1683456,4096,1
712704,4096,1
69632,4096,0
1650688,4096,1
98304,4096,0
1687552,4096,1
1691648,4096,1
1695744,4096,1
98304,4096,0
1699840,4096,1
1703936,4096,1
86016,4096,0
1708032,4096,0
1712128,4096,0
1716224,4096,1
57344,4096,1
98304,4096,1
57344,4096,1
1413120,4096,0
843776,4096,1
94208,4096,1
86016,4096,0
8192,4096,0
57344,4096,0
8192,4096,1
98304,4096,0
57344,4096,1
1720320,4096,1
1724416,4096,1
1728512,4096,1
8192,4096,1
331776,4096,1
8192,4096,1
155648,4096,1
458752,4096,1
1732608,4096,1
1736704,4096,0
57344,4096,0
1740800,4096,1
1744896,4096,1
57344,4096,1
8192,4096,0
1748992,4096,1
8192,4096,1
8192,4096,0
1753088,4096,1
8192,4096,0
1277952,4096,1
1757184,4096,1
8192,4096,0
1761280,4096,1
1765376,4096,1
1769472,4096,1
659456,4096,1
1773568,4096,1
1777664,4096,1
1781760,4096,1
1785856,4096,1
1789952,4096,1
454656,4096,1
8192,4096,1
1794048,4096,1
483328,4096,1
1798144,4096,1
8192,4096,1
1363968,4096,0
1802240,4096,1
1806336,4096,1
1810432,4096,1
1626112,4096,1
155648,4096,1
1814528,4096,1
1818624,4096,1
1822720,4096,1
1134592,4096,1
1826816,4096,1
57344,4096,1
86016,4096,1
1830912,4096,1
1097728,4096,1
1835008,4096,1
1839104,4096,1
1843200,4096,1
1847296,4096,1
1851392,4096,1
1855488,4096,1
57344,4096,1
8192,4096,1
1859584,4096,1
483328,4096,1
8192,4096,1
1863680,4096,1
57344,4096,1
1867776,4096,1
1871872,4096,1
1875968,4096,1
483328,4096,1
1880064,4096,1
1884160,4096,0
1183744,4096,1
8192,4096,1
1888256,4096,1
434176,4096,0
57344,4096,1
8192,4096,1
8192,4096,1
1892352,4096,1
1224704,4096,1
180224,4096,1
1224704,4096,1
1335296,4096,0
851968,4096,1
1896448,4096,0
1552384,4096,1
1441792,4096,1
8192,4096,1
290816,4096,1
8192,4096,1
1900544,4096,1
155648,4096,0
81920,4096,1
1904640,4096,1
8192,4096,1
8192,4096,1
1908736,4096,1
1912832,4096,1
8192,4096,1
155648,4096,1
57344,4096,1
1916928,4096,1
1921024,4096,1
1925120,4096,1
1929216,4096,1
1933312,4096,1
1388544,4096,1
1937408,4096,0
8192,4096,1
610304,4096,1
57344,4096,1
8192,4096,0
8192,4096,1
57344,4096,1
8192,4096,1
1941504,4096,1
1945600,4096,1
8192,4096,1
458752,4096,1
1949696,4096,0
8192,4096,1
49152,4096,1
1953792,4096,1
1957888,4096,1
8192,4096,1
1961984,4096,1
1966080,4096,1
94208,4096,1
1970176,4096,0
458752,4096,1
610304,4096,0
1974272,4096,1
819200,4096,0
1310720,4096,0
8192,4096,1
8192,4096,0
1978368,4096,1
614400,4096,1
454656,4096,1
8192,4096,0
1626112,4096,1
1048576,4096,1
94208,4096,1
1982464,4096,1
1986560,4096,1
1990656,4096,1
1994752,4096,1
385024,4096,1
1998848,4096,1
741376,4096,1
2002944,4096,1
57344,4096,1
2007040,4096,1
8192,4096,1
2011136,4096,1
2015232,4096,1
8192,4096,1
2019328,4096,1
2023424,4096,1
8192,4096,1
2027520,4096,1
2031616,4096,1
2035712,4096,1
8192,4096,1
1597440,4096,1
2039808,4096,1
57344,4096,1
8192,4096,1
2043904,4096,1
86016,4096,1
98304,4096,1
8192,4096,1
2048000,4096,1
2052096,4096,1
2056192,4096,1
1388544,4096,0
98304,4096,1
2060288,4096,1
434176,4096,1
8192,4096,1
81920,4096,1
2064384,4096,1
8192,4096,1
786432,4096,1
98304,4096,1
1224704,4096,1
311296,4096,1
2068480,4096,1
8192,4096,1
2072576,4096,1
2076672,4096,1
57344,4096,1
57344,4096,1
2080768,4096,1
98304,4096,1
483328,4096,1
2084864,4096,0
2088960,4096,1
2093056,4096,1
483328,4096,1
2097152,4096,1
987136,4096,1
2101248,4096,1
2105344,4096,0
2109440,4096,1
2113536,4096,1
1118208,4096,1
2117632,4096,1
28672,4096,1
155648,4096,1
434176,4096,1
2121728,4096,1
2125824,4096,1
2129920,4096,1
8192,4096,1
57344,4096,1
8192,4096,1
2134016,4096,0
1253376,4096,1
2138112,4096,1
98304,4096,0
2142208,4096,1
458752,4096,1
483328,4096,1
2146304,4096,1
86016,4096,1
2150400,4096,0
2154496,4096,0
8192,4096,1
20480,4096,1
69632,4096,0
483328,4096,1
2125824,4096,1
57344,4096,0
2158592,4096,1
483328,4096,1
2162688,4096,1
2166784,4096,1
155648,4096,1
57344,4096,1
98304,4096,1
57344,4096,1
770048,4096,1
8192,4096,0
2170880,4096,0
8192,4096,1
2174976,4096,0
2179072,4096,0
2183168,4096,1
573440,4096,1
2187264,4096,0
98304,4096,0
2191360,4096,1
8192,4096,1
8192,4096,1
2195456,4096,0
86016,4096,0
8192,4096,0
8192,4096,1
1048576,4096,1
385024,4096,0
94208,4096,1
69632,4096,1
2199552,4096,1
8192,4096,1
1048576,4096,1
2203648,4096,1
2207744,4096,0
2211840,4096,1
385024,4096,0
8192,4096,1
8192,4096,0
8192,4096,0
8192,4096,1
2215936,4096,0
2220032,4096,1
2224128,4096,1
2228224,4096,1
8192,4096,1
8192,4096,1
57344,4096,1
458752,4096,0
2232320,4096,1
278528,4096,1
229376,4096,1
2236416,4096,0
8192,4096,0
2240512,4096,0
2244608,4096,1
1048576,4096,1
573440,4096,1
2248704,4096,1
1470464,4096,1
573440,4096,1
1024000,4096,0
483328,4096,1
1961984,4096,1
57344,4096,1
2039808,4096,1
1744896,4096,1
57344,4096,1
2252800,4096,1
1413120,4096,1
2256896,4096,1
2260992,4096,1
2265088,4096,1
233472,4096,0
73728,4096,1
8192,4096,0
86016,4096,1
1224704,4096,1
1048576,4096,1
1048576,4096,1
2269184,4096,1
2273280,4096,1
1060864,4096,1
8192,4096,1
2277376,4096,1
57344,4096,1
81920,4096,1
2281472,4096,1
2285568,4096,1
2289664,4096,1
57344,4096,0
1048576,4096,1
81920,4096,1
57344,4096,1
2293760,4096,0
454656,4096,1
2297856,4096,0
2301952,4096,1
712704,4096,1
2306048,4096,0
2310144,4096,0
2314240,4096,1
8192,4096,0
8192,4096,1
2318336,4096,1
2322432,4096,1
2146304,4096,1
4096,4096,1
8192,4096,1
2326528,4096,0
8192,4096,1
483328,4096,0
8192,4096,0
2027520,4096,0
8192,4096,0
2330624,4096,1
2334720,4096,1
2338816,4096,0
28672,4096,1
57344,4096,1
2342912,4096,1
2347008,4096,0
86016,4096,1
86016,4096,1
2351104,4096,1
2355200,4096,1
458752,4096,1
8192,4096,0
2240512,4096,0
2359296,4096,1
2363392,4096,0
2367488,4096,1
8192,4096,1
2371584,4096,1
20480,4096,0
57344,4096,1
483328,4096,1
2375680,4096,1
770048,4096,1
2379776,4096,0
2383872,4096,1
458752,4096,1
98304,4096,1
2387968,4096,1
28672,4096,1
8192,4096,1
2392064,4096,1
57344,4096,1
2396160,4096,1
98304,4096,1
1273856,4096,1
8192,4096,1
819200,4096,1
2400256,4096,1
2404352,4096,1
1441792,4096,1
2408448,4096,1
2412544,4096,1
2416640,4096,1
2420736,4096,1
2424832,4096,1
2260992,4096,1
1421312,4096,1
57344,4096,1
28672,4096,1
28672,4096,1
2428928,4096,1
86016,4096,0
1224704,4096,1
2433024,4096,1
98304,4096,1
2437120,4096,0
57344,4096,1
98304,4096,1
1601536,4096,1
4096,4096,1
704512,4096,1
2441216,4096,0
2445312,4096,1
2449408,4096,1
8192,4096,0
880640,4096,1
8192,4096,1
2453504,4096,0
2457600,4096,1
872448,4096,1
86016,4096,1
2461696,4096,1
8192,4096,1
2465792,4096,1
2469888,4096,0
2473984,4096,1
2478080,4096,1
69632,4096,1
8192,4096,1
28672,4096,1
8192,4096,1
2482176,4096,1
8192,4096,1
8192,4096,1
2486272,4096,1
2490368,4096,0
311296,4096,0
98304,4096,1
8192,4096,1
2494464,4096,0
331776,4096,1
2498560,4096,0
2502656,4096,0
98304,4096,1
712704,4096,1
2506752,4096,1
8192,4096,1
69632,4096,1
86016,4096,1
2510848,4096,1
98304,4096,1
69632,4096,1
2514944,4096,0
155648,4096,1
8192,4096,1
2519040,4096,1
483328,4096,0
749568,4096,1
2523136,4096,1
2527232,4096,1
806912,4096,0
98304,4096,1
2531328,4096,1
8192,4096,1
2535424,4096,1
2539520,4096,1
483328,4096,1
483328,4096,1
81920,4096,1
2543616,4096,1
385024,4096,1
8192,4096,1
8192,4096,1
2547712,4096,1
520192,4096,1
81920,4096,1
2551808,4096,1
2555904,4096,1
8192,4096,0
2560000,4096,1
8192,4096,1
2564096,4096,1
98304,4096,0
98304,4096,1
8192,4096,1
2568192,4096,1
2572288,4096,1
2576384,4096,1
98304,4096,0
2580480,4096,0
1024000,4096,1
8192,4096,1
2584576,4096,1
2588672,4096,1
741376,4096,1
2592768,4096,1
458752,4096,1
57344,4096,1
8192,4096,1
331776,4096,0
2596864,4096,1
2600960,4096,1
2605056,4096,0
86016,4096,1
57344,4096,0
2609152,4096,1
2613248,4096,1
2617344,4096,1
2621440,4096,1
483328,4096,1
8192,4096,1
28672,4096,0
2625536,4096,1
8192,4096,0
86016,4096,1
8192,4096,1
57344,4096,1
4096,4096,0
1048576,4096,1
1048576,4096,1
2629632,4096,1
2633728,4096,1
2637824,4096,1
2641920,4096,1
2646016,4096,1
81920,4096,1
8192,4096,1
8192,4096,1
2650112,4096,1
385024,4096,1
2654208,4096,1
57344,4096,1
155648,4096,1
8192,4096,0
1642496,4096,1
2658304,4096,0
364544,4096,1
2662400,4096,1
57344,4096,1
1060864,4096,1
8192,4096,1
8192,4096,1
2666496,4096,1
86016,4096,0
1048576,4096,1
8192,4096,1
2670592,4096,1
32768,4096,1
2674688,4096,1
1048576,4096,1
483328,4096,1
2678784,4096,1
2682880,4096,1
1695744,4096,1
2490368,4096,1
458752,4096,1
2686976,4096,0
98304,4096,1
2691072,4096,1
2695168,4096,1
155648,4096,1
57344,4096,1
2699264,4096,1
1388544,4096,0
86016,4096,0
8192,4096,1
2703360,4096,1
614400,4096,1
1626112,4096,1
2707456,4096,0
2711552,4096,1
98304,4096,1
2715648,4096,1
331776,4096,1
8192,4096,1
8192,4096,1
1953792,4096,1
843776,4096,0
2719744,4096,1
458752,4096,1
155648,4096,0
458752,4096,1
8192,4096,1
2723840,4096,1
577536,4096,0
1003520,4096,1
2727936,4096,1
8192,4096,1
8192,4096,1
434176,4096,1
2732032,4096,1
1785856,4096,1
8192,4096,1
8192,4096,0
8192,4096,1
614400,4096,1
98304,4096,1
483328,4096,1
385024,4096,1
98304,4096,1
2736128,4096,1
2740224,4096,1
2744320,4096,1
2748416,4096,0
2752512,4096,0
2756608,4096,1
2760704,4096,1
2764800,4096,1
2768896,4096,1
8192,4096,1
872448,4096,1
1470464,4096,1
950272,4096,1
749568,4096,1
2772992,4096,1
8192,4096,1
2777088,4096,0
155648,4096,1
8192,4096,0
98304,4096,1
2781184,4096,1
1048576,4096,1
1724416,4096,1
86016,4096,0
57344,4096,1
217088,4096,1
2785280,4096,1
155648,4096,1
483328,4096,0
2789376,4096,0
1273856,4096,1
2793472,4096,1
2797568,4096,0
2801664,4096,1
98304,4096,0
1601536,4096,0
8192,4096,0
1097728,4096,1
700416,4096,1
2805760,4096,0
2809856,4096,0
610304,4096,1
8192,4096,0
483328,4096,1
57344,4096,1
2813952,4096,1
81920,4096,1
2818048,4096,0
573440,4096,1
98304,4096,0
2822144,4096,1
2826240,4096,1
610304,4096,1
2830336,4096,1
2834432,4096,0
2838528,4096,1
155648,4096,1
32768,4096,0
2842624,4096,1
2846720,4096,1
98304,4096,0
610304,4096,1
2850816,4096,1
614400,4096,1
8192,4096,0
8192,4096,1
2854912,4096,1
8192,4096,1
2859008,4096,0
57344,4096,1
487424,4096,0
385024,4096,1
2863104,4096,0
2867200,4096,1
2871296,4096,1
2875392,4096,1
2879488,4096,1
8192,4096,1
2883584,4096,0
2887680,4096,1
385024,4096,1
57344,4096,1
57344,4096,1
2891776,4096,1
1642496,4096,1
2895872,4096,1
98304,4096,1
4096,4096,1
2899968,4096,1
8192,4096,1
1224704,4096,1
57344,4096,0
2228224,4096,1
385024,4096,1
2904064,4096,1
155648,4096,1
1744896,4096,1
2908160,4096,0
2912256,4096,0
98304,4096,1
1048576,4096,0
2916352,4096,1
8192,4096,0
483328,4096,1
614400,4096,1
2306048,4096,1
94208,4096,0
2920448,4096,1
57344,4096,1
155648,4096,0
2924544,4096,1
2928640,4096,1
155648,4096,1
2932736,4096,1
1048576,4096,1
483328,4096,1
2936832,4096,1
155648,4096,1
2940928,4096,1
155648,4096,1
98304,4096,1
2945024,4096,1
57344,4096,1
2949120,4096,1
2953216,4096,1
2957312,4096,1
8192,4096,1
483328,4096,1
8192,4096,0
2961408,4096,1
2965504,4096,1
2969600,4096,1
2973696,4096,1
8192,4096,1
49152,4096,1
2174976,4096,0
155648,4096,1
2977792,4096,1
8192,4096,1
1626112,4096,1
8192,4096,1
155648,4096,1
573440,4096,0
2981888,4096,1
2985984,4096,1
2990080,4096,1
2994176,4096,1
86016,4096,0
2998272,4096,1
1273856,4096,1
2306048,4096,1
3002368,4096,1
8192,4096,1
2105344,4096,1
2359296,4096,1
3006464,4096,1
434176,4096,1
98304,4096,0
3010560,4096,1
1060864,4096,1
86016,4096,1
3014656,4096,1
3018752,4096,1
573440,4096,1
8192,4096,1
3022848,4096,1
8192,4096,1
385024,4096,1
385024,4096,1
3026944,4096,1
98304,4096,1
3031040,4096,1
1224704,4096,1
3035136,4096,1
2007040,4096,1
57344,4096,1
1269760,4096,1
2490368,4096,1
3039232,4096,1
3043328,4096,1
98304,4096,0
3047424,4096,0
73728,4096,1
458752,4096,1
8192,4096,1
3051520,4096,1
2105344,4096,1
1720320,4096,0
3055616,4096,1
8192,4096,0
3059712,4096,1
3063808,4096,0
8192,4096,1
483328,4096,1
3067904,4096,1
3072000,4096,1
1277952,4096,1
3076096,4096,1
3080192,4096,1
1413120,4096,1
8192,4096,1
3084288,4096,0
8192,4096,1
3088384,4096,0
8192,4096,1
3092480,4096,1
3096576,4096,1
81920,4096,1
3100672,4096,1
8192,4096,1
872448,4096,1
3104768,4096,0
86016,4096,1
2879488,4096,1
110592,4096,1
8192,4096,0
3108864,4096,1
483328,4096,1
3112960,4096,1
368640,4096,1
385024,4096,0
3117056,4096,0
86016,4096,1
2875392,4096,0
8192,4096,1
610304,4096,1
3121152,4096,1
3125248,4096,1
458752,4096,1
8192,4096,1
57344,4096,1
155648,4096,1
57344,4096,1
3129344,4096,1
3133440,4096,1
376832,4096,1
1220608,4096,0
1507328,4096,1
1134592,4096,0
86016,4096,1
3137536,4096,0
1687552,4096,1
3117056,4096,1
98304,4096,1
573440,4096,0
3141632,4096,1
81920,4096,1
8192,4096,1
57344,4096,1
3145728,4096,1
573440,4096,1
483328,4096,1
8192,4096,0
57344,4096,1
28672,4096,1
3149824,4096,0
483328,4096,1
8192,4096,1
3153920,4096,1
98304,4096,1
28672,4096,1
2789376,4096,0
3158016,4096,0
8192,4096,1
94208,4096,0
3162112,4096,1
3166208,4096,0
3170304,4096,1
3174400,4096,1
806912,4096,0
3178496,4096,1
8192,4096,1
3182592,4096,1
57344,4096,1
8192,4096,1
155648,4096,1
2105344,4096,1
57344,4096,1
3186688,4096,0
3190784,4096,1
98304,4096,1
8192,4096,0
233472,4096,0
28672,4096,1
4096,4096,0
458752,4096,0
450560,4096,1
1388544,4096,0
8192,4096,1
8192,4096,1
3194880,4096,1
8192,4096,0
8192,4096,1
86016,4096,1
3198976,4096,1
8192,4096,1
483328,4096,1
2953216,4096,1
57344,4096,0
8192,4096,1
3203072,4096,1
8192,4096,0
1335296,4096,1
28672,4096,1
57344,4096,1
8192,4096,1
3207168,4096,1
3211264,4096,0
3215360,4096,0
3219456,4096,0
483328,4096,1
3223552,4096,1
3227648,4096,1
3231744,4096,1
8192,4096,1
3235840,4096,1
712704,4096,0
3239936,4096,1
1724416,4096,1
1744896,4096,1
8192,4096,1
2359296,4096,0
3244032,4096,1
483328,4096,1
434176,4096,1
3248128,4096,1
94208,4096,1
8192,4096,1
3252224,4096,0
3256320,4096,1
458752,4096,1
1441792,4096,1
98304,4096,1
3260416,4096,1
57344,4096,1
1388544,4096,1
233472,4096,0
434176,4096,1
8192,4096,1
57344,4096,1
8192,4096,1
94208,4096,1
1253376,4096,1
1048576,4096,1
155648,4096,0
3264512,4096,1
8192,4096,1
331776,4096,1
1892352,4096,0
8192,4096,1
233472,4096,0
86016,4096,1
3268608,4096,1
106496,4096,0
3272704,4096,1
3276800,4096,1
8192,4096,0
155648,4096,0
3280896,4096,0
8192,4096,1
3284992,4096,0
1626112,4096,0
8192,4096,1
3289088,4096,1
28672,4096,1
8192,4096,1
81920,4096,1
1626112,4096,1
3293184,4096,1
3297280,4096,1
3301376,4096,1
3305472,4096,1
2396160,4096,0
1048576,4096,1
3309568,4096,1
3313664,4096,0
57344,4096,1
3317760,4096,1
3321856,4096,0
2371584,4096,1
3325952,4096,0
81920,4096,1
638976,4096,1
3330048,4096,0
8192,4096,1
57344,4096,1
1052672,4096,1
3334144,4096,1
57344,4096,1
3338240,4096,1
3342336,4096,0
385024,4096,1
483328,4096,1
3346432,4096,1
290816,4096,1
806912,4096,1
614400,4096,1
3350528,4096,1
3354624,4096,1
118784,4096,1
3358720,4096,1
233472,4096,0
3026944,4096,1
94208,4096,1
3362816,4096,1
385024,4096,1
57344,4096,1
8192,4096,1
98304,4096,1
73728,4096,1
2060288,4096,1
98304,4096,1
3366912,4096,0
81920,4096,0
2846720,4096,0
98304,4096,1
1388544,4096,1
57344,4096,0
610304,4096,1
1556480,4096,1
86016,4096,1
8192,4096,1
3371008,4096,1
1654784,4096,1
3375104,4096,1
3379200,4096,1
712704,4096,1
155648,4096,0
8192,4096,1
806912,4096,1
81920,4096,1
1368064,4096,1
8192,4096,0
155648,4096,1
2068480,4096,1
86016,4096,0
57344,4096,1
3383296,4096,1
57344,4096,1
3387392,4096,0
8192,4096,0
57344,4096,1
155648,4096,0
3391488,4096,1
155648,4096,1
237568,4096,1
110592,4096,1
155648,4096,1
94208,4096,1
57344,4096,1
3395584,4096,1
8192,4096,1
8192,4096,0
8192,4096,1
3399680,4096,1
98304,4096,1
8192,4096,1
3403776,4096,0
3407872,4096,1
8192,4096,1
245760,4096,0
3411968,4096,1
3416064,4096,1
57344,4096,1
3420160,4096,0
540672,4096,1
86016,4096,1
28672,4096,1
57344,4096,1
3424256,4096,1
57344,4096,1
1048576,4096,1
57344,4096,1
2297856,4096,1
3428352,4096,1
2211840,4096,1
155648,4096,1
28672,4096,1
3432448,4096,1
483328,4096,1
98304,4096,1
843776,4096,1
3436544,4096,0
86016,4096,1
155648,4096,1
57344,4096,1
3440640,4096,1
3444736,4096,1
86016,4096,1
8192,4096,1
3448832,4096,1
3452928,4096,1
86016,4096,1
3457024,4096,1
3461120,4096,1
86016,4096,1
458752,4096,0
3465216,4096,1
843776,4096,1
155648,4096,1
49152,4096,1
8192,4096,1
1552384,4096,1
3469312,4096,1
987136,4096,1
217088,4096,1
3473408,4096,1
65536,4096,1
356352,4096,1
2039808,4096,1
57344,4096,0
1626112,4096,1
3477504,4096,1
8192,4096,1
57344,4096,1
86016,4096,1
98304,4096,1
98304,4096,1
57344,4096,1
3481600,4096,1
385024,4096,1
3485696,4096,1
155648,4096,0
3489792,4096,1
483328,4096,1
2039808,4096,1
3493888,4096,0
98304,4096,1
3497984,4096,1
217088,4096,1
8192,4096,1
274432,4096,0
520192,4096,0
8192,4096,1
8192,4096,1
180224,4096,1
