offset,size,type 876 876 2000 16
0,16384,0
16384,16384,1
32768,16384,1
49152,16384,0
65536,16384,1
81920,16384,1
98304,16384,1
65536,16384,1
114688,16384,1
65536,16384,1
131072,16384,1
65536,16384,1
147456,16384,1
163840,16384,0
180224,16384,1
196608,16384,1
212992,16384,1
229376,16384,1
245760,16384,1
262144,16384,1
65536,16384,1
278528,16384,0
294912,16384,0
311296,16384,1
327680,16384,1
344064,16384,1
360448,16384,1
376832,16384,1
49152,16384,1
393216,16384,1
65536,16384,1
409600,16384,1
344064,16384,1
425984,16384,1
49152,16384,1
442368,16384,1
65536,16384,1
458752,16384,1
475136,16384,1
491520,16384,1
507904,16384,1
524288,16384,0
65536,16384,1
540672,16384,1
65536,16384,1
557056,16384,0
49152,16384,0
573440,16384,1
589824,16384,1
65536,16384,1
606208,16384,1
65536,16384,1
622592,16384,1
344064,16384,1
49152,16384,1
638976,16384,1
655360,16384,0
671744,16384,1
65536,16384,1
688128,16384,1
49152,16384,1
704512,16384,1
720896,16384,1
737280,16384,0
753664,16384,1
770048,16384,1
311296,16384,1
344064,16384,1
786432,16384,0
65536,16384,1
802816,16384,1
819200,16384,0
65536,16384,1
835584,16384,1
376832,16384,1
851968,16384,1
868352,16384,1
884736,16384,1
901120,16384,0
917504,16384,1
933888,16384,1
950272,16384,1
835584,16384,1
966656,16384,1
983040,16384,0
999424,16384,1
311296,16384,1
344064,16384,1
1015808,16384,1
1032192,16384,1
65536,16384,0
376832,16384,1
65536,16384,1
1048576,16384,1
344064,16384,1
65536,16384,1
1064960,16384,1
65536,16384,0
1081344,16384,1
1097728,16384,1
344064,16384,0
327680,16384,0
1114112,16384,1
376832,16384,1
311296,16384,1
1130496,16384,1
1146880,16384,1
376832,16384,1
1163264,16384,1
1179648,16384,0
344064,16384,0
1196032,16384,1
1212416,16384,1
1228800,16384,1
376832,16384,1
311296,16384,0
737280,16384,1
1245184,16384,1
344064,16384,0
491520,16384,1
1261568,16384,1
65536,16384,1
1277952,16384,1
65536,16384,1
1294336,16384,1
1310720,16384,1
65536,16384,1
278528,16384,1
344064,16384,1
65536,16384,1
540672,16384,1
1327104,16384,1
1343488,16384,1
1359872,16384,1
1376256,16384,1
1392640,16384,1
1409024,16384,1
835584,16384,1
1425408,16384,1
1441792,16384,1
65536,16384,1
65536,16384,1
1458176,16384,1
1474560,16384,1
1490944,16384,1
737280,16384,1
1507328,16384,1
1146880,16384,1
65536,16384,1
65536,16384,1
1523712,16384,1
1540096,16384,1
1556480,16384,1
0,16384,0
1572864,16384,1
1589248,16384,1
1605632,16384,1
1622016,16384,1
344064,16384,1
1638400,16384,1
1654784,16384,1
65536,16384,0
1671168,16384,1
1687552,16384,1
1703936,16384,1
1720320,16384,1
917504,16384,1
65536,16384,1
1736704,16384,1
1753088,16384,1
65536,16384,1
1769472,16384,1
65536,16384,1
1785856,16384,1
65536,16384,1
1802240,16384,1
1818624,16384,0
1835008,16384,1
1851392,16384,1
65536,16384,1
65536,16384,1
65536,16384,1
1867776,16384,1
1884160,16384,1
1900544,16384,1
1916928,16384,1
1015808,16384,1
786432,16384,1
1933312,16384,0
1949696,16384,0
1966080,16384,1
344064,16384,0
1982464,16384,1
1998848,16384,1
2015232,16384,0
2031616,16384,0
344064,16384,1
65536,16384,1
2048000,16384,1
311296,16384,0
2064384,16384,1
2080768,16384,1
49152,16384,1
2097152,16384,0
344064,16384,1
2113536,16384,1
950272,16384,1
2129920,16384,1
344064,16384,1
2146304,16384,1
2162688,16384,0
2179072,16384,1
2195456,16384,1
737280,16384,1
1654784,16384,1
2211840,16384,0
2129920,16384,0
2228224,16384,1
1835008,16384,1
2244608,16384,1
2260992,16384,0
2277376,16384,1
376832,16384,0
1212416,16384,1
65536,16384,0
2293760,16384,1
2310144,16384,0
2326528,16384,1
311296,16384,1
2342912,16384,1
2359296,16384,1
2375680,16384,1
2392064,16384,0
2408448,16384,1
2424832,16384,1
2441216,16384,1
2457600,16384,1
2473984,16384,1
65536,16384,1
2490368,16384,0
737280,16384,1
737280,16384,1
2506752,16384,1
737280,16384,1
65536,16384,0
311296,16384,1
1818624,16384,0
65536,16384,1
2523136,16384,1
65536,16384,0
65536,16384,1
2539520,16384,1
2555904,16384,0
1425408,16384,1
311296,16384,1
344064,16384,1
65536,16384,1
2572288,16384,0
49152,16384,1
327680,16384,1
376832,16384,0
311296,16384,0
2588672,16384,0
2605056,16384,1
49152,16384,0
65536,16384,0
737280,16384,1
2621440,16384,1
2637824,16384,1
884736,16384,1
1146880,16384,1
2654208,16384,0
344064,16384,0
2670592,16384,1
2686976,16384,1
2703360,16384,1
884736,16384,1
1146880,16384,1
311296,16384,1
65536,16384,1
65536,16384,1
2719744,16384,0
2736128,16384,1
278528,16384,1
2752512,16384,0
344064,16384,1
802816,16384,1
2768896,16384,1
2785280,16384,1
2801664,16384,1
2818048,16384,0
65536,16384,1
802816,16384,1
376832,16384,0
2834432,16384,1
2850816,16384,1
1425408,16384,0
835584,16384,1
344064,16384,1
2867200,16384,0
2883584,16384,0
49152,16384,1
1818624,16384,0
2899968,16384,1
2916352,16384,1
65536,16384,1
2342912,16384,1
2932736,16384,0
2949120,16384,1
65536,16384,0
2965504,16384,1
2129920,16384,0
344064,16384,0
2981888,16384,1
2998272,16384,1
950272,16384,1
3014656,16384,1
3031040,16384,1
1818624,16384,0
3047424,16384,0
65536,16384,1
3063808,16384,1
344064,16384,1
3080192,16384,1
1638400,16384,1
1998848,16384,1
1818624,16384,1
376832,16384,1
376832,16384,1
917504,16384,1
1064960,16384,1
3096576,16384,0
376832,16384,1
3112960,16384,1
3129344,16384,0
1818624,16384,1
376832,16384,1
344064,16384,1
344064,16384,1
3145728,16384,1
1327104,16384,1
3162112,16384,1
311296,16384,1
2392064,16384,1
3178496,16384,1
65536,16384,1
1327104,16384,1
3194880,16384,1
311296,16384,1
2342912,16384,1
3211264,16384,1
3227648,16384,1
344064,16384,1
1654784,16384,1
278528,16384,0
3244032,16384,1
65536,16384,0
1359872,16384,0
311296,16384,1
344064,16384,1
344064,16384,1
3260416,16384,1
3276800,16384,1
65536,16384,1
1818624,16384,1
245760,16384,1
3293184,16384,1
3309568,16384,1
376832,16384,1
3325952,16384,1
3342336,16384,1
1146880,16384,1
311296,16384,1
3358720,16384,0
3375104,16384,1
3391488,16384,1
3407872,16384,1
3424256,16384,1
65536,16384,1
3440640,16384,1
3457024,16384,0
311296,16384,1
311296,16384,1
737280,16384,1
3473408,16384,1
65536,16384,0
3489792,16384,1
376832,16384,1
344064,16384,0
3506176,16384,1
1687552,16384,1
3522560,16384,1
3538944,16384,0
344064,16384,1
65536,16384,1
344064,16384,1
65536,16384,0
65536,16384,0
3244032,16384,0
65536,16384,1
3555328,16384,1
3571712,16384,1
3391488,16384,1
65536,16384,0
65536,16384,1
3588096,16384,1
3604480,16384,1
3620864,16384,1
1327104,16384,1
3637248,16384,1
65536,16384,1
49152,16384,1
65536,16384,1
3653632,16384,1
1146880,16384,1
65536,16384,1
3670016,16384,1
3686400,16384,0
344064,16384,0
3702784,16384,1
3719168,16384,1
376832,16384,1
278528,16384,1
3735552,16384,1
2342912,16384,1
344064,16384,1
3751936,16384,1
2342912,16384,1
3768320,16384,1
3784704,16384,1
65536,16384,1
2310144,16384,1
3801088,16384,1
65536,16384,1
3817472,16384,1
1818624,16384,1
65536,16384,1
3833856,16384,1
3850240,16384,0
3866624,16384,0
491520,16384,1
311296,16384,1
737280,16384,1
3883008,16384,1
65536,16384,0
3899392,16384,1
3915776,16384,1
557056,16384,1
917504,16384,1
3932160,16384,1
3948544,16384,0
376832,16384,1
3964928,16384,1
65536,16384,0
344064,16384,1
65536,16384,1
3981312,16384,1
950272,16384,1
3997696,16384,1
65536,16384,1
65536,16384,0
1146880,16384,1
4014080,16384,1
4030464,16384,1
4046848,16384,1
376832,16384,1
4063232,16384,0
950272,16384,1
4079616,16384,1
835584,16384,1
4096000,16384,1
4112384,16384,1
65536,16384,1
4128768,16384,1
311296,16384,1
65536,16384,1
4145152,16384,0
4161536,16384,1
4177920,16384,0
737280,16384,1
4194304,16384,0
2834432,16384,1
65536,16384,1
1687552,16384,1
4210688,16384,0
65536,16384,1
278528,16384,1
4227072,16384,1
638976,16384,1
4243456,16384,0
4259840,16384,0
180224,16384,1
65536,16384,1
4276224,16384,1
557056,16384,1
4292608,16384,1
344064,16384,1
4308992,16384,1
4325376,16384,1
376832,16384,1
4341760,16384,1
2342912,16384,1
4358144,16384,1
344064,16384,1
344064,16384,0
4374528,16384,1
950272,16384,0
65536,16384,1
1261568,16384,1
65536,16384,1
65536,16384,1
1146880,16384,1
4390912,16384,1
4407296,16384,1
4423680,16384,1
4440064,16384,1
4456448,16384,1
4472832,16384,1
344064,16384,1
786432,16384,1
4489216,16384,1
4505600,16384,0
4521984,16384,1
4538368,16384,1
344064,16384,1
4554752,16384,1
4571136,16384,1
4587520,16384,1
65536,16384,0
65536,16384,1
65536,16384,1
4603904,16384,0
4620288,16384,1
4636672,16384,1
4653056,16384,1
4669440,16384,1
376832,16384,0
557056,16384,0
65536,16384,1
65536,16384,1
4685824,16384,0
4702208,16384,0
344064,16384,1
4718592,16384,0
311296,16384,0
65536,16384,1
49152,16384,1
4734976,16384,0
1687552,16384,1
4751360,16384,1
2129920,16384,1
65536,16384,0
4767744,16384,1
4784128,16384,1
4800512,16384,1
4816896,16384,1
950272,16384,1
4833280,16384,1
4849664,16384,1
65536,16384,1
4866048,16384,1
1818624,16384,1
49152,16384,0
65536,16384,1
4882432,16384,1
4898816,16384,1
344064,16384,0
376832,16384,1
376832,16384,0
4915200,16384,1
4931584,16384,0
950272,16384,0
4947968,16384,1
4964352,16384,1
4980736,16384,1
4997120,16384,1
5013504,16384,1
3244032,16384,1
311296,16384,1
49152,16384,1
65536,16384,1
917504,16384,1
1359872,16384,1
344064,16384,1
1818624,16384,1
917504,16384,1
737280,16384,0
65536,16384,0
5029888,16384,1
5046272,16384,1
344064,16384,1
2588672,16384,1
344064,16384,1
4374528,16384,1
65536,16384,1
65536,16384,1
344064,16384,1
557056,16384,1
5062656,16384,1
5079040,16384,1
65536,16384,0
5095424,16384,0
2392064,16384,0
5111808,16384,1
5128192,16384,1
344064,16384,0
5144576,16384,0
5160960,16384,1
5177344,16384,1
557056,16384,0
5193728,16384,1
442368,16384,1
5210112,16384,1
5226496,16384,1
4702208,16384,1
5242880,16384,1
5259264,16384,1
1687552,16384,1
1359872,16384,0
950272,16384,1
344064,16384,1
344064,16384,1
1687552,16384,1
5275648,16384,1
5292032,16384,0
5308416,16384,1
5324800,16384,1
65536,16384,0
5341184,16384,1
5357568,16384,1
65536,16384,1
5373952,16384,1
376832,16384,0
1064960,16384,1
5390336,16384,1
49152,16384,1
65536,16384,1
5406720,16384,1
65536,16384,1
737280,16384,1
65536,16384,1
5423104,16384,1
1622016,16384,0
4620288,16384,1
65536,16384,1
49152,16384,1
5439488,16384,0
4079616,16384,0
2310144,16384,0
5455872,16384,1
5472256,16384,0
65536,16384,1
5488640,16384,1
65536,16384,0
65536,16384,1
2342912,16384,1
5505024,16384,1
4374528,16384,0
5521408,16384,1
5210112,16384,1
3276800,16384,1
5537792,16384,1
5554176,16384,1
311296,16384,1
5570560,16384,1
1818624,16384,1
1425408,16384,0
3522560,16384,1
5586944,16384,1
1146880,16384,0
5603328,16384,0
5619712,16384,1
65536,16384,1
344064,16384,0
65536,16384,1
917504,16384,1
2768896,16384,0
5636096,16384,1
65536,16384,1
5652480,16384,1
65536,16384,1
5668864,16384,0
5685248,16384,1
376832,16384,1
344064,16384,0
65536,16384,1
5701632,16384,1
5718016,16384,1
376832,16384,1
5734400,16384,0
5750784,16384,1
4489216,16384,1
5767168,16384,1
65536,16384,1
5783552,16384,0
278528,16384,1
5799936,16384,1
5816320,16384,0
376832,16384,1
5832704,16384,1
5849088,16384,1
65536,16384,1
2129920,16384,1
376832,16384,1
376832,16384,1
5865472,16384,1
2129920,16384,1
81920,16384,1
5881856,16384,0
606208,16384,1
65536,16384,0
1425408,16384,1
5898240,16384,1
557056,16384,1
5914624,16384,1
5931008,16384,1
65536,16384,1
49152,16384,1
344064,16384,1
376832,16384,1
5947392,16384,1
1441792,16384,1
65536,16384,0
5963776,16384,1
5980160,16384,1
1818624,16384,1
1146880,16384,1
5996544,16384,1
65536,16384,1
491520,16384,1
6012928,16384,1
950272,16384,1
65536,16384,0
376832,16384,1
6029312,16384,1
491520,16384,1
917504,16384,1
6045696,16384,0
6062080,16384,1
4489216,16384,1
1818624,16384,1
65536,16384,1
6078464,16384,1
6094848,16384,1
65536,16384,1
6111232,16384,1
1327104,16384,1
65536,16384,1
6127616,16384,1
6144000,16384,0
311296,16384,1
6160384,16384,1
65536,16384,1
4210688,16384,0
6062080,16384,0
65536,16384,1
6176768,16384,1
3981312,16384,1
344064,16384,0
2342912,16384,1
49152,16384,1
737280,16384,1
1687552,16384,1
6193152,16384,0
5160960,16384,0
6209536,16384,1
6225920,16384,1
6242304,16384,1
65536,16384,1
6258688,16384,1
6275072,16384,1
6291456,16384,0
376832,16384,1
1212416,16384,1
6307840,16384,1
311296,16384,0
6324224,16384,1
2588672,16384,1
65536,16384,1
6340608,16384,0
3309568,16384,1
6356992,16384,1
3932160,16384,0
6373376,16384,0
311296,16384,1
6389760,16384,0
65536,16384,1
65536,16384,1
6406144,16384,1
49152,16384,1
4620288,16384,0
6422528,16384,1
65536,16384,1
278528,16384,1
311296,16384,0
6438912,16384,1
65536,16384,1
49152,16384,1
6455296,16384,1
6471680,16384,1
6488064,16384,1
6504448,16384,1
6520832,16384,1
376832,16384,1
6537216,16384,1
65536,16384,0
5144576,16384,0
6553600,16384,1
6569984,16384,1
6586368,16384,1
6602752,16384,1
6619136,16384,0
557056,16384,0
6635520,16384,1
6651904,16384,1
6668288,16384,1
3276800,16384,1
3260416,16384,0
3391488,16384,1
6684672,16384,1
6701056,16384,1
6717440,16384,0
737280,16384,1
6733824,16384,1
65536,16384,1
5160960,16384,1
557056,16384,1
65536,16384,1
6750208,16384,1
1064960,16384,1
6766592,16384,1
49152,16384,1
737280,16384,1
49152,16384,1
6782976,16384,1
4341760,16384,1
5210112,16384,1
344064,16384,1
737280,16384,1
6799360,16384,1
65536,16384,1
704512,16384,1
737280,16384,1
737280,16384,1
344064,16384,1
557056,16384,1
6815744,16384,1
6832128,16384,1
65536,16384,1
6848512,16384,1
376832,16384,1
5079040,16384,1
6864896,16384,1
65536,16384,1
5160960,16384,0
4046848,16384,1
6881280,16384,1
6897664,16384,1
6914048,16384,1
5570560,16384,1
6930432,16384,1
1146880,16384,1
6946816,16384,1
65536,16384,1
376832,16384,0
65536,16384,1
6963200,16384,1
6979584,16384,0
6995968,16384,0
1425408,16384,1
7012352,16384,1
65536,16384,1
737280,16384,1
7028736,16384,1
376832,16384,1
557056,16384,1
1687552,16384,1
950272,16384,1
7045120,16384,0
7061504,16384,1
1687552,16384,1
376832,16384,1
7077888,16384,0
7094272,16384,1
7110656,16384,1
65536,16384,1
7127040,16384,1
65536,16384,1
7143424,16384,1
7159808,16384,1
65536,16384,1
1835008,16384,1
65536,16384,0
7176192,16384,1
65536,16384,1
7192576,16384,1
65536,16384,1
65536,16384,1
1441792,16384,1
1835008,16384,1
7208960,16384,1
65536,16384,1
1277952,16384,1
7225344,16384,1
344064,16384,0
7241728,16384,1
7258112,16384,1
7274496,16384,1
737280,16384,1
7290880,16384,0
7307264,16384,0
65536,16384,1
65536,16384,1
638976,16384,0
7323648,16384,0
7340032,16384,1
7356416,16384,0
7372800,16384,1
7389184,16384,1
7405568,16384,0
7421952,16384,1
7438336,16384,1
65536,16384,1
344064,16384,0
1851392,16384,1
1064960,16384,1
7454720,16384,0
1064960,16384,1
344064,16384,1
65536,16384,1
7471104,16384,1
7487488,16384,0
7503872,16384,1
1425408,16384,1
5505024,16384,1
7520256,16384,1
65536,16384,1
344064,16384,1
65536,16384,1
7536640,16384,1
7553024,16384,1
376832,16384,1
4800512,16384,1
1146880,16384,1
7569408,16384,0
7585792,16384,0
65536,16384,1
376832,16384,0
65536,16384,1
49152,16384,1
2768896,16384,1
7602176,16384,0
4489216,16384,1
737280,16384,1
344064,16384,1
344064,16384,1
7618560,16384,1
7634944,16384,1
7651328,16384,0
49152,16384,1
5865472,16384,1
7667712,16384,1
7684096,16384,1
344064,16384,0
2588672,16384,1
2899968,16384,1
65536,16384,0
7700480,16384,1
7716864,16384,1
7733248,16384,1
737280,16384,1
7749632,16384,1
7766016,16384,1
65536,16384,0
7782400,16384,1
7798784,16384,1
7815168,16384,1
1851392,16384,1
65536,16384,1
7831552,16384,1
2129920,16384,1
7847936,16384,1
65536,16384,0
65536,16384,1
638976,16384,1
7864320,16384,1
7880704,16384,1
7897088,16384,1
7913472,16384,1
737280,16384,1
7929856,16384,1
65536,16384,1
49152,16384,1
1687552,16384,1
311296,16384,1
65536,16384,0
1818624,16384,1
2342912,16384,1
7946240,16384,1
65536,16384,1
7962624,16384,1
65536,16384,0
7979008,16384,1
7995392,16384,0
557056,16384,1
65536,16384,1
65536,16384,1
65536,16384,1
8011776,16384,1
8028160,16384,1
8044544,16384,1
65536,16384,1
8060928,16384,1
65536,16384,0
376832,16384,1
737280,16384,1
65536,16384,1
376832,16384,1
8077312,16384,0
8093696,16384,1
8110080,16384,1
8126464,16384,0
8142848,16384,1
2342912,16384,1
8159232,16384,1
8175616,16384,1
1425408,16384,0
737280,16384,1
65536,16384,0
8192000,16384,1
8208384,16384,1
8224768,16384,1
65536,16384,0
65536,16384,1
65536,16384,1
8241152,16384,1
65536,16384,1
8257536,16384,1
344064,16384,0
8273920,16384,1
344064,16384,1
344064,16384,1
8290304,16384,1
8306688,16384,1
2768896,16384,0
8323072,16384,1
8339456,16384,1
8355840,16384,1
311296,16384,1
8372224,16384,1
3522560,16384,1
278528,16384,1
8388608,16384,1
65536,16384,0
65536,16384,1
950272,16384,1
311296,16384,0
1146880,16384,1
7766016,16384,0
376832,16384,1
1327104,16384,1
311296,16384,1
8404992,16384,0
8421376,16384,1
3981312,16384,1
2342912,16384,1
65536,16384,1
7749632,16384,1
65536,16384,0
1687552,16384,1
65536,16384,1
8437760,16384,1
245760,16384,0
8454144,16384,1
8470528,16384,1
8486912,16384,1
8503296,16384,1
8519680,16384,1
8536064,16384,1
8552448,16384,1
8568832,16384,1
8585216,16384,0
376832,16384,0
376832,16384,0
8601600,16384,1
65536,16384,1
344064,16384,1
1146880,16384,1
65536,16384,1
1327104,16384,1
376832,16384,1
1277952,16384,0
4702208,16384,1
8617984,16384,1
278528,16384,1
8634368,16384,0
557056,16384,1
8650752,16384,1
1818624,16384,1
311296,16384,1
8667136,16384,1
8683520,16384,1
1064960,16384,1
2588672,16384,1
8699904,16384,1
49152,16384,1
8716288,16384,1
8732672,16384,1
65536,16384,1
8749056,16384,1
8765440,16384,0
344064,16384,1
4489216,16384,1
1327104,16384,1
1687552,16384,0
65536,16384,1
4620288,16384,1
8781824,16384,1
311296,16384,1
950272,16384,1
8798208,16384,1
8814592,16384,1
49152,16384,1
65536,16384,1
49152,16384,1
8830976,16384,1
1818624,16384,1
8847360,16384,1
311296,16384,1
8863744,16384,1
737280,16384,1
8880128,16384,0
344064,16384,1
8896512,16384,0
8912896,16384,1
278528,16384,0
2588672,16384,1
8929280,16384,0
3407872,16384,0
8945664,16384,1
8962048,16384,1
311296,16384,1
8978432,16384,1
49152,16384,1
8994816,16384,1
4620288,16384,1
6979584,16384,1
1425408,16384,1
9011200,16384,1
65536,16384,0
376832,16384,1
9027584,16384,0
9043968,16384,1
9060352,16384,1
9076736,16384,1
1687552,16384,1
737280,16384,1
344064,16384,1
311296,16384,1
9093120,16384,1
1146880,16384,1
344064,16384,1
7503872,16384,1
9109504,16384,1
9125888,16384,0
311296,16384,1
344064,16384,0
311296,16384,1
1687552,16384,1
344064,16384,0
9142272,16384,1
9158656,16384,1
5799936,16384,1
9175040,16384,0
9191424,16384,1
9207808,16384,0
9224192,16384,1
65536,16384,1
344064,16384,1
9240576,16384,1
49152,16384,0
65536,16384,0
9256960,16384,1
311296,16384,1
65536,16384,1
65536,16384,1
344064,16384,0
1687552,16384,1
344064,16384,1
344064,16384,0
3342336,16384,1
9273344,16384,0
9289728,16384,0
737280,16384,1
49152,16384,1
311296,16384,0
3211264,16384,0
9306112,16384,0
9322496,16384,1
737280,16384,0
8568832,16384,1
65536,16384,1
9338880,16384,1
2342912,16384,1
344064,16384,1
6127616,16384,1
3260416,16384,1
3735552,16384,1
5767168,16384,1
9355264,16384,1
9371648,16384,0
65536,16384,1
6127616,16384,1
9388032,16384,1
344064,16384,1
9404416,16384,0
49152,16384,0
327680,16384,1
81920,16384,1
9420800,16384,1
9437184,16384,1
65536,16384,0
49152,16384,0
9453568,16384,1
9469952,16384,1
9486336,16384,1
5210112,16384,1
950272,16384,1
9502720,16384,0
737280,16384,1
65536,16384,1
9519104,16384,1
9535488,16384,1
5931008,16384,1
6127616,16384,0
6569984,16384,1
9551872,16384,1
6701056,16384,1
9568256,16384,1
376832,16384,1
3260416,16384,1
9584640,16384,0
1818624,16384,1
376832,16384,1
1146880,16384,1
49152,16384,1
65536,16384,1
4702208,16384,1
5210112,16384,1
9601024,16384,1
9617408,16384,1
9633792,16384,1
65536,16384,1
9650176,16384,0
9666560,16384,1
344064,16384,1
9682944,16384,0
3309568,16384,1
49152,16384,1
3522560,16384,0
9699328,16384,1
9715712,16384,1
1638400,16384,0
65536,16384,1
9732096,16384,1
9748480,16384,1
0,16384,1
65536,16384,1
835584,16384,1
245760,16384,1
9764864,16384,1
1146880,16384,1
9781248,16384,1
3227648,16384,1
9797632,16384,0
9814016,16384,0
9830400,16384,0
9846784,16384,1
376832,16384,1
9863168,16384,1
9879552,16384,0
327680,16384,1
344064,16384,1
9895936,16384,1
5505024,16384,0
49152,16384,1
638976,16384,1
65536,16384,1
65536,16384,1
311296,16384,1
9912320,16384,0
344064,16384,1
65536,16384,1
344064,16384,1
344064,16384,1
589824,16384,1
376832,16384,0
3211264,16384,1
9928704,16384,1
9945088,16384,1
737280,16384,0
65536,16384,1
9961472,16384,0
6176768,16384,1
1818624,16384,1
9977856,16384,1
2768896,16384,1
3227648,16384,1
1359872,16384,1
9994240,16384,1
344064,16384,1
10010624,16384,1
10027008,16384,1
10043392,16384,1
10059776,16384,1
311296,16384,1
1146880,16384,1
10076160,16384,0
6438912,16384,1
2342912,16384,1
1064960,16384,1
49152,16384,1
10092544,16384,1
376832,16384,1
737280,16384,1
10108928,16384,1
65536,16384,1
311296,16384,1
65536,16384,1
983040,16384,0
950272,16384,1
311296,16384,1
344064,16384,0
311296,16384,0
376832,16384,1
1818624,16384,0
10125312,16384,1
3457024,16384,1
1359872,16384,1
376832,16384,1
49152,16384,1
10141696,16384,1
10158080,16384,1
65536,16384,1
557056,16384,1
10174464,16384,0
557056,16384,1
8749056,16384,1
10190848,16384,1
10207232,16384,1
65536,16384,1
10223616,16384,1
737280,16384,1
10240000,16384,1
1687552,16384,1
10256384,16384,1
10272768,16384,1
278528,16384,1
950272,16384,1
1687552,16384,1
65536,16384,1
10289152,16384,1
1687552,16384,1
10305536,16384,1
65536,16384,1
10321920,16384,1
376832,16384,1
737280,16384,1
10338304,16384,1
49152,16384,1
10354688,16384,0
65536,16384,1
65536,16384,1
737280,16384,1
65536,16384,1
344064,16384,1
10371072,16384,0
10387456,16384,1
311296,16384,1
4341760,16384,1
65536,16384,1
10403840,16384,1
10420224,16384,0
1687552,16384,1
10436608,16384,1
10452992,16384,1
65536,16384,1
344064,16384,1
5177344,16384,1
1425408,16384,1
10469376,16384,1
2768896,16384,1
1687552,16384,0
638976,16384,1
65536,16384,1
376832,16384,0
344064,16384,1
344064,16384,1
950272,16384,1
950272,16384,1
10485760,16384,1
10502144,16384,0
10518528,16384,1
376832,16384,1
65536,16384,1
65536,16384,0
1146880,16384,1
10534912,16384,1
10551296,16384,0
376832,16384,1
10567680,16384,1
376832,16384,0
65536,16384,1
10584064,16384,1
65536,16384,0
3981312,16384,1
10600448,16384,1
10616832,16384,1
65536,16384,1
10633216,16384,1
344064,16384,1
10649600,16384,1
10665984,16384,1
917504,16384,1
1474560,16384,1
10682368,16384,1
65536,16384,1
10698752,16384,0
557056,16384,1
344064,16384,1
10715136,16384,1
10731520,16384,0
10747904,16384,1
376832,16384,1
65536,16384,0
5865472,16384,1
10764288,16384,1
344064,16384,1
950272,16384,1
294912,16384,1
1818624,16384,1
10780672,16384,1
65536,16384,1
10797056,16384,1
5505024,16384,1
10813440,16384,0
65536,16384,1
10829824,16384,1
10846208,16384,1
10862592,16384,1
65536,16384,1
557056,16384,0
376832,16384,0
557056,16384,1
49152,16384,0
344064,16384,1
10878976,16384,1
65536,16384,1
65536,16384,1
65536,16384,0
10518528,16384,1
65536,16384,1
10895360,16384,0
10911744,16384,1
65536,16384,1
10928128,16384,0
10944512,16384,1
2162688,16384,1
10960896,16384,1
10977280,16384,1
3735552,16384,0
278528,16384,1
10993664,16384,1
1064960,16384,1
3342336,16384,1
11010048,16384,0
65536,16384,1
1146880,16384,1
376832,16384,0
1654784,16384,1
65536,16384,1
65536,16384,1
11026432,16384,0
5767168,16384,1
11042816,16384,0
491520,16384,0
11059200,16384,1
11075584,16384,1
1687552,16384,0
835584,16384,1
1425408,16384,1
11091968,16384,1
917504,16384,1
344064,16384,1
491520,16384,1
11108352,16384,1
376832,16384,1
311296,16384,0
11124736,16384,0
2768896,16384,1
11141120,16384,1
11157504,16384,1
11173888,16384,1
11190272,16384,0
344064,16384,1
557056,16384,1
3309568,16384,1
11206656,16384,1
11223040,16384,1
11239424,16384,0
278528,16384,1
65536,16384,1
11255808,16384,1
7028736,16384,0
376832,16384,1
589824,16384,1
11272192,16384,1
1146880,16384,0
11288576,16384,1
65536,16384,0
2342912,16384,0
2129920,16384,1
11304960,16384,1
11321344,16384,1
11337728,16384,1
1818624,16384,1
5701632,16384,1
11354112,16384,1
11370496,16384,1
65536,16384,1
311296,16384,0
11386880,16384,1
11403264,16384,0
3522560,16384,1
65536,16384,1
737280,16384,1
11419648,16384,1
344064,16384,1
11436032,16384,1
4079616,16384,0
344064,16384,1
1818624,16384,1
11452416,16384,1
557056,16384,1
65536,16384,1
802816,16384,1
65536,16384,1
11468800,16384,1
11485184,16384,0
65536,16384,1
11501568,16384,1
11517952,16384,1
11534336,16384,0
11550720,16384,1
11567104,16384,1
11583488,16384,1
376832,16384,1
5701632,16384,1
3981312,16384,1
65536,16384,1
737280,16384,1
49152,16384,1
65536,16384,1
11599872,16384,0
11616256,16384,1
11632640,16384,1
311296,16384,1
2310144,16384,0
11649024,16384,1
11665408,16384,1
917504,16384,1
1638400,16384,1
11681792,16384,1
49152,16384,1
11698176,16384,1
344064,16384,1
11714560,16384,1
11730944,16384,1
11747328,16384,1
11763712,16384,0
11780096,16384,0
11796480,16384,1
1687552,16384,1
2129920,16384,1
3211264,16384,1
311296,16384,1
344064,16384,1
4947968,16384,1
7356416,16384,1
11812864,16384,1
802816,16384,1
4636672,16384,1
344064,16384,1
344064,16384,1
49152,16384,1
65536,16384,1
344064,16384,0
65536,16384,1
376832,16384,1
11829248,16384,0
11845632,16384,0
11862016,16384,1
11878400,16384,1
11894784,16384,0
11911168,16384,1
65536,16384,0
344064,16384,1
376832,16384,1
311296,16384,1
1687552,16384,1
11927552,16384,0
65536,16384,1
11943936,16384,1
278528,16384,1
868352,16384,1
11960320,16384,1
5226496,16384,1
1441792,16384,0
2768896,16384,1
6176768,16384,0
11976704,16384,1
65536,16384,1
11993088,16384,1
12009472,16384,1
5931008,16384,1
786432,16384,1
2342912,16384,1
5799936,16384,1
3244032,16384,1
12025856,16384,0
65536,16384,1
12042240,16384,1
376832,16384,0
737280,16384,1
65536,16384,0
1425408,16384,1
12058624,16384,0
12075008,16384,1
7716864,16384,1
65536,16384,1
1835008,16384,1
278528,16384,1
737280,16384,1
12091392,16384,1
7995392,16384,1
1687552,16384,1
344064,16384,0
49152,16384,1
65536,16384,1
65536,16384,1
7815168,16384,1
65536,16384,1
12107776,16384,1
65536,16384,1
1687552,16384,1
589824,16384,1
12124160,16384,1
344064,16384,1
65536,16384,1
65536,16384,0
3522560,16384,0
12140544,16384,1
4341760,16384,1
65536,16384,1
12156928,16384,1
65536,16384,1
12173312,16384,0
737280,16384,1
12189696,16384,1
950272,16384,1
12206080,16384,0
12222464,16384,0
376832,16384,1
12238848,16384,1
12255232,16384,1
1425408,16384,1
1654784,16384,1
12271616,16384,1
12288000,16384,1
9633792,16384,1
917504,16384,0
557056,16384,1
65536,16384,1
12304384,16384,1
311296,16384,1
1687552,16384,1
12320768,16384,0
12337152,16384,0
4341760,16384,1
65536,16384,1
12353536,16384,1
12369920,16384,1
12386304,16384,0
65536,16384,1
12402688,16384,1
11485184,16384,1
12419072,16384,0
344064,16384,1
65536,16384,1
1146880,16384,1
376832,16384,0
1638400,16384,1
65536,16384,1
65536,16384,1
12435456,16384,0
12451840,16384,1
376832,16384,0
376832,16384,1
950272,16384,1
65536,16384,1
12468224,16384,1
12484608,16384,1
278528,16384,1
65536,16384,1
12500992,16384,1
1818624,16384,0
12517376,16384,1
3981312,16384,0
4489216,16384,1
376832,16384,1
12533760,16384,1
12550144,16384,1
917504,16384,1
9682944,16384,1
3260416,16384,1
917504,16384,1
12566528,16384,1
1425408,16384,1
344064,16384,1
65536,16384,0
65536,16384,1
12582912,16384,0
3997696,16384,1
4833280,16384,1
12599296,16384,1
6176768,16384,0
278528,16384,1
65536,16384,1
311296,16384,1
950272,16384,1
12615680,16384,1
12632064,16384,1
12648448,16384,1
8486912,16384,1
65536,16384,0
12664832,16384,1
6619136,16384,1
7061504,16384,1
12681216,16384,0
12697600,16384,1
344064,16384,1
12713984,16384,1
12730368,16384,0
6701056,16384,1
376832,16384,1
12746752,16384,0
7323648,16384,0
344064,16384,1
491520,16384,1
12763136,16384,1
311296,16384,0
12779520,16384,1
7028736,16384,1
344064,16384,1
12795904,16384,1
65536,16384,1
12812288,16384,0
65536,16384,0
12828672,16384,1
65536,16384,1
65536,16384,1
344064,16384,0
12845056,16384,1
2129920,16384,1
12861440,16384,0
1425408,16384,1
12877824,16384,1
65536,16384,0
12894208,16384,1
12910592,16384,1
344064,16384,1
12926976,16384,1
12943360,16384,1
12959744,16384,1
737280,16384,1
65536,16384,1
12976128,16384,1
12992512,16384,1
13008896,16384,1
1146880,16384,1
344064,16384,1
13025280,16384,0
2899968,16384,1
65536,16384,1
3260416,16384,0
13041664,16384,1
1146880,16384,1
5144576,16384,1
13058048,16384,1
376832,16384,1
13074432,16384,1
344064,16384,1
13090816,16384,1
13107200,16384,1
13123584,16384,1
4849664,16384,1
49152,16384,1
1146880,16384,0
65536,16384,1
13139968,16384,1
5177344,16384,0
13156352,16384,1
13172736,16384,0
13189120,16384,1
13205504,16384,1
13221888,16384,1
13238272,16384,1
13254656,16384,1
737280,16384,1
737280,16384,1
1146880,16384,0
13271040,16384,1
376832,16384,1
13287424,16384,1
2129920,16384,1
13303808,16384,1
13320192,16384,1
278528,16384,1
65536,16384,1
65536,16384,1
65536,16384,1
13336576,16384,1
13352960,16384,1
65536,16384,1
13369344,16384,1
13385728,16384,0
11255808,16384,0
13402112,16384,1
344064,16384,1
4341760,16384,1
13418496,16384,1
13434880,16384,1
344064,16384,1
65536,16384,0
65536,16384,1
13451264,16384,1
4718592,16384,1
278528,16384,1
884736,16384,1
7667712,16384,1
13467648,16384,1
376832,16384,1
2342912,16384,1
344064,16384,1
13484032,16384,1
6963200,16384,1
13500416,16384,1
13516800,16384,0
376832,16384,1
13533184,16384,0
8044544,16384,1
13549568,16384,1
13565952,16384,1
3522560,16384,1
13582336,16384,1
13598720,16384,1
3276800,16384,1
917504,16384,1
2342912,16384,1
376832,16384,1
13615104,16384,1
5505024,16384,1
13631488,16384,1
1359872,16384,0
65536,16384,1
376832,16384,1
2129920,16384,1
557056,16384,1
13647872,16384,1
13664256,16384,1
13680640,16384,1
278528,16384,1
5210112,16384,1
13697024,16384,0
65536,16384,1
5931008,16384,1
65536,16384,1
557056,16384,1
13713408,16384,0
13729792,16384,1
376832,16384,1
65536,16384,1
344064,16384,0
13746176,16384,1
344064,16384,1
13762560,16384,0
9682944,16384,0
12713984,16384,1
311296,16384,1
344064,16384,1
2736128,16384,1
737280,16384,1
4571136,16384,1
13778944,16384,1
1687552,16384,1
376832,16384,1
4489216,16384,1
278528,16384,0
376832,16384,1
13795328,16384,1
3244032,16384,1
12435456,16384,0
1818624,16384,1
11108352,16384,1
5160960,16384,1
65536,16384,1
376832,16384,1
65536,16384,0
376832,16384,1
13811712,16384,1
13828096,16384,1
344064,16384,0
1179648,16384,1
13844480,16384,1
65536,16384,1
376832,16384,1
1146880,16384,1
65536,16384,0
65536,16384,1
13860864,16384,1
4489216,16384,1
13877248,16384,1
13893632,16384,1
13910016,16384,1
376832,16384,1
13926400,16384,1
376832,16384,1
13942784,16384,0
13959168,16384,1
65536,16384,1
344064,16384,1
65536,16384,1
13975552,16384,1
13991936,16384,1
14008320,16384,0
65536,16384,1
65536,16384,1
14024704,16384,1
311296,16384,0
14041088,16384,0
4718592,16384,1
14057472,16384,1
14073856,16384,1
14090240,16384,1
12992512,16384,1
1556480,16384,0
14106624,16384,1
14123008,16384,1
14139392,16384,1
344064,16384,1
737280,16384,1
8486912,16384,1
802816,16384,1
14155776,16384,0
14172160,16384,0
14188544,16384,1
14204928,16384,1
13385728,16384,1
65536,16384,1
1064960,16384,1
10223616,16384,1
1425408,16384,1
344064,16384,1
737280,16384,0
2768896,16384,0
14221312,16384,1
14237696,16384,1
14254080,16384,1
1818624,16384,1
4489216,16384,1
14270464,16384,1
65536,16384,1
9682944,16384,0
49152,16384,0
65536,16384,0
14286848,16384,1
1146880,16384,1
344064,16384,1
14303232,16384,1
376832,16384,0
376832,16384,1
14319616,16384,0
65536,16384,1
4145152,16384,1
14336000,16384,1
376832,16384,0
1146880,16384,1
376832,16384,1
65536,16384,1
1425408,16384,1
