offset,size,type 507 14411 5701 4
4220896,4096,1
49592384,4096,1
49592392,8704,1
49592384,4096,1
51668832,4096,1
4220904,36864,1
4220976,4096,1
51336704,12800,1
4220984,36864,1
4221056,4096,1
51336704,4096,1
51336712,8704,1
51336704,4096,1
51336704,12800,1
4221064,8192,1
4221080,4096,1
51668840,4096,1
51336704,4096,1
4221088,28672,1
4221144,4096,1
50282016,8704,1
51336704,4096,1
49592384,12800,1
4221152,40960,1
4221232,4096,1
49592384,4096,1
49592392,8704,1
49592384,4096,1
51668848,4096,1
4221240,32768,1
4221304,4096,1
51668856,4096,1
4221312,40960,1
4221392,4096,1
51336704,12800,1
4221400,40960,1
4221480,4096,1
51336704,4096,1
51336712,8704,1
51336704,4096,1
51668864,4096,1
4221488,36864,1
4221560,4096,1
50368512,16896,1
4221568,36864,1
4221640,4096,1
51417088,33280,1
51668872,4096,1
4221648,36864,1
4221720,4096,1
50281872,12800,1
4221728,40960,1
4221808,4096,1
50281872,4096,1
50281880,8704,1
50281872,4096,1
50281872,12800,1
4221816,12288,1
4221840,4096,1
50281872,4096,1
50281880,8704,1
50281872,4096,1
51336704,12800,1
4221848,12288,1
4221872,4096,1
51336704,4096,1
51336712,8704,1
51336704,4096,1
51336704,12800,1
4221880,8192,1
4221896,4096,1
51336704,4096,1
51336712,8704,1
51336704,4096,1
51668880,4096,1
4221904,36864,1
4221976,4096,1
51154952,29184,1
51059464,16896,1
4221984,45056,1
4222072,4096,1
51059464,4096,1
51059472,12800,1
51059464,4096,1
51155224,37376,1
4222080,8192,1
4222096,4096,1
49592384,12800,1
4222104,8192,1
4222120,4096,1
49592384,4096,1
49592392,8704,1
49592384,4096,1
51668888,4096,1
4222128,36864,1
4222200,4096,1
50281872,20992,1
4222208,40960,1
4222288,4096,1
50281872,4096,1
50281880,16896,1
50281872,4096,1
50281872,25088,1
4222296,12288,1
4222320,4096,1
50281872,4096,1
50281880,20992,1
50281872,4096,1
50281872,12800,1
4222328,12288,1
4222352,4096,1
50281872,4096,1
50281880,8704,1
50281872,4096,1
51668896,4096,1
4222360,32768,1
4222424,4096,1
51155160,12800,1
4222432,40960,1
4222512,4096,1
49592384,12800,1
4222520,8192,1
4222536,4096,1
49592384,4096,1
49592392,8704,1
49592384,4096,1
51668904,4096,1
4222544,36864,1
4222616,4096,1
50281872,20992,1
4222624,40960,1
4222704,4096,1
50281872,4096,1
50281880,16896,1
50281872,4096,1
50281872,25088,1
4222712,12288,1
4222736,4096,1
50281872,4096,1
50281880,20992,1
50281872,4096,1
50281872,12800,1
4222744,12288,1
4222768,4096,1
50281872,4096,1
50281880,8704,1
50281872,4096,1
51668912,4096,1
4222776,36864,1
4222848,4096,1
50281872,16896,1
4222856,49152,1
4222952,4096,1
50281872,4096,1
50281880,12800,1
50281872,4096,1
51336704,12800,1
4222960,16384,1
4222992,4096,1
51336704,4096,1
51336712,8704,1
51336704,4096,1
51336704,12800,1
51668920,4096,1
4223000,36864,1
4223072,4096,1
50281872,20992,1
4223080,8192,1
4223096,4096,1
51336704,4096,1
51336712,8704,1
51336704,4096,1
4223104,40960,1
4223184,4096,1
50281872,4096,1
50281880,16896,1
50281872,4096,1
51054256,4096,1
4223192,36864,1
4223264,4096,1
50281872,12800,1
4223272,40960,1
4223352,4096,1
50281872,4096,1
50281880,8704,1
50281872,4096,1
51336704,12800,1
4223360,12288,1
4223384,4096,1
51336704,4096,1
51336712,8704,1
51336704,4096,1
51336704,12800,1
4223392,8192,1
4223408,4096,1
19710840,16896,1
51336704,4096,1
4223416,8192,1
50282016,8704,1
4223432,4096,1
19714544,4096,1
51336704,4096,1
5561872,12800,1
51336704,12800,1
19714544,4096,1
4223440,16384,1
4223472,4096,1
51336704,4096,1
51336712,8704,1
51336704,4096,1
51336704,12800,1
4223480,8192,1
4223496,4096,1
51336704,4096,1
51336712,8704,1
51336704,4096,1
51336704,12800,1
4223504,8192,1
4223520,4096,1
51336704,4096,1
51336712,8704,1
51336704,4096,1
51336704,12800,1
4223528,12288,1
4223552,4096,1
51336704,4096,1
51336712,8704,1
51336704,4096,1
51336704,12800,1
4223560,12288,1
4223584,4096,1
51336704,4096,1
51336712,8704,1
51336704,4096,1
51336704,12800,1
4223592,8192,1
4223608,4096,1
51336704,4096,1
51336712,8704,1
51336704,4096,1
51336704,12800,1
4223616,8192,1
4223632,4096,1
51336704,4096,1
51336712,8704,1
51336704,4096,1
19710840,12800,1
4223640,28672,1
4223696,4096,1
19714544,4096,1
19708136,8704,1
19714544,4096,1
19714544,20992,1
4223704,12288,1
4223728,4096,1
19714544,4096,1
19708176,16896,1
19714544,4096,1
19714544,12800,1
4223736,12288,1
4223760,4096,1
19714544,4096,1
19708136,8704,1
19714544,4096,1
19714544,12800,1
4223768,12288,1
4223792,4096,1
19714544,4096,1
19708136,8704,1
19714544,4096,1
19714544,20992,1
4223800,12288,1
4223824,4096,1
19714544,4096,1
19708176,16896,1
19714544,4096,1
19714544,12800,1
4223832,12288,1
4223856,4096,1
19714544,4096,1
19708136,8704,1
19714544,4096,1
19714544,16896,1
4223864,12288,1
4223888,4096,1
19714544,4096,1
19708136,12800,1
19714544,4096,1
19714544,12800,1
4223896,12288,1
4223920,4096,1
19714544,4096,1
19708136,8704,1
19714544,4096,1
19714544,20992,1
4223928,12288,1
4223952,4096,1
19714544,4096,1
19708176,16896,1
19714544,4096,1
19714544,12800,1
4223960,12288,1
4223984,4096,1
19714544,4096,1
19708136,8704,1
19714544,4096,1
51336704,12800,1
4223992,12288,1
4224016,4096,1
50600264,4096,1
51336704,4096,1
4224024,32768,1
4224088,4096,1
50282016,8704,1
51336704,4096,1
49592384,12800,1
4224096,40960,1
4224176,4096,1
49592384,4096,1
49592392,8704,1
49592384,4096,1
51668928,4096,1
4224184,32768,1
4224248,4096,1
51336704,12800,1
4224256,36864,1
4224328,4096,1
50600272,4096,1
51336704,4096,1
4224336,32768,1
4224400,4096,1
50282016,8704,1
51336704,4096,1
50281872,33280,1
4224408,36864,1
4224480,4096,1
50281872,4096,1
50281880,29184,1
50281872,4096,1
51336704,12800,1
4224488,12288,1
4224512,4096,1
51336704,4096,1
51336712,8704,1
51336704,4096,1
51668936,4096,1
4224520,32768,1
4224584,4096,1
51336704,12800,1
4224592,36864,1
4224664,4096,1
51336704,4096,1
51336712,8704,1
51336704,4096,1
49592384,12800,1
4224672,12288,1
4224696,4096,1
49592384,4096,1
49592392,8704,1
49592384,4096,1
50600280,4096,1
4224704,32768,1
4224768,4096,1
50600288,4096,1
4224776,45056,1
4224864,4096,1
51336704,12800,1
4224872,40960,1
4224952,4096,1
51336704,4096,1
51336712,8704,1
51336704,4096,1
51668944,4096,1
4224960,36864,1
4225032,4096,1
49582104,41472,1
925232,36864,0
925312,4096,0
925344,20480,0
925408,8192,0
925432,28672,0
925144,40960,0
925104,12288,0
4973736,36864,0
4975320,4096,0
51336704,4096,1
51336736,8192,1
4225040,40960,1
4225120,4096,1
51336704,4096,1
51336712,4096,1
50282016,4096,1
51336704,4096,1
51336704,4096,1
51336736,8192,1
4225128,8192,1
4225144,4096,1
51336704,4096,1
51668952,4096,1
4225152,32768,1
50282016,4096,1
51336712,4096,1
4225216,4096,1
51336704,4096,1
49592384,4096,1
49592416,8192,1
4225224,45056,1
4225312,4096,1
49592384,4096,1
49592392,4096,1
49592448,4096,1
49592384,4096,1
50600296,4096,1
4225320,36864,1
4225392,4096,1
51163120,8192,1
926688,131072,0
4972992,45056,0
51336704,4096,1
51336736,8192,1
4225400,49152,1
4225496,4096,1
51336704,4096,1
51336712,4096,1
50282016,4096,1
51336704,4096,1
51336704,4096,1
51336736,8192,1
4225504,8192,1
4225520,4096,1
51336704,4096,1
51336712,4096,1
50282016,4096,1
51336704,4096,1
50600304,4096,1
4225528,36864,1
4225600,4096,1
49592384,4096,1
49592416,8192,1
4225608,40960,1
4225688,4096,1
49592384,4096,1
49592392,4096,1
49592448,4096,1
49592384,4096,1
51668960,4096,1
4225696,36864,1
4225768,4096,1
51154944,4096,1
51155104,4096,1
51155160,4096,1
51417088,4096,1
51336704,4096,1
51336736,8192,1
4225776,40960,1
4225856,4096,1
51336704,4096,1
51336712,4096,1
50282016,4096,1
51336704,4096,1
51336704,4096,1
51336736,8192,1
4225864,8192,1
4225880,4096,1
51336704,4096,1
50600312,4096,1
51336712,4096,1
50282016,4096,1
4225888,36864,1
4225960,4096,1
51336704,4096,1
49592384,4096,1
49592416,8192,1
4225968,40960,1
4226048,4096,1
49592384,4096,1
49592392,4096,1
49592448,4096,1
49592384,4096,1
50600320,4096,1
4226056,36864,1
4226128,4096,1
51668968,8192,1
4226136,53248,1
4226240,4096,1
50368512,4096,1
51155160,4096,1
51417088,4096,1
51941648,8192,1
51941720,4096,1
51945552,4096,1
51336704,12800,1
4226248,36864,1
4226320,4096,1
51336704,4096,1
51336712,8704,1
51336704,4096,1
51336704,12800,1
4226328,8192,1
4226344,4096,1
51336704,4096,1
51336712,8704,1
51336704,4096,1
51668984,4096,1
4226352,36864,1
4226424,4096,1
49592384,12800,1
4226432,40960,1
4226512,4096,1
49592384,4096,1
49592392,8704,1
49592384,4096,1
49592384,12800,1
4226520,8192,1
4226536,4096,1
49592384,4096,1
49592392,8704,1
49592384,4096,1
51668992,4096,1
4226544,36864,1
4226616,4096,1
51336704,12800,1
4226624,40960,1
4226704,4096,1
51336704,4096,1
51336712,8704,1
51336704,4096,1
51336704,12800,1
4226712,8192,1
4226728,4096,1
50600328,4096,1
51336704,4096,1
4226736,32768,1
4226800,4096,1
50282016,8704,1
51336704,4096,1
49592384,12800,1
4226808,45056,1
4226896,4096,1
49592384,4096,1
49592392,8704,1
49592384,4096,1
51669000,4096,1
4226904,36864,1
4226976,4096,1
925488,24576,0
925544,40960,0
925632,40960,0
923552,4096,0
923536,4096,0
50630656,4096,1
51155160,4096,1
51417088,4096,1
51941952,4096,1
51941984,4096,1
51948712,4096,1
51669008,4096,1
4226984,65536,1
4227112,4096,1
4227120,4096,1
50600336,24576,1
51267192,25088,1
4227128,20480,1
4227168,4096,1
4227176,4096,1
50600336,4096,1
50281872,4096,1
50281880,20992,1
19706976,20992,1
50281872,4096,1
4227184,45056,1
4227272,4096,1
50281872,12800,1
4227280,24576,1
4227328,4096,1
50281872,4096,1
50281880,8704,1
50281872,4096,1
51336704,12800,1
4227336,12288,1
4227360,4096,1
51336704,4096,1
51336712,8704,1
51336704,4096,1
51336704,12800,1
4227368,8192,1
4227384,4096,1
51336704,4096,1
51336712,8704,1
51336704,4096,1
51336704,12800,1
4227392,8192,1
4227408,4096,1
51336704,4096,1
51336712,8704,1
51336704,4096,1
51669016,4096,1
4227416,36864,1
4227488,4096,1
50281872,20992,1
4227496,40960,1
4227576,4096,1
50281872,4096,1
50281880,16896,1
50281872,4096,1
50600384,4096,1
4227584,36864,1
4227656,4096,1
51336704,12800,1
4227664,40960,1
4227744,4096,1
51336704,4096,1
51336712,8704,1
51336704,4096,1
51336704,12800,1
4227752,8192,1
4227768,4096,1
51336704,4096,1
51336712,8704,1
51336704,4096,1
50600392,4096,1
4227776,36864,1
4227848,4096,1
49592384,12800,1
4227856,40960,1
4227936,4096,1
49592384,4096,1
49592392,8704,1
49592384,4096,1
51669024,4096,1
4227944,36864,1
4228016,4096,1
51336704,12800,1
4228024,40960,1
4228104,4096,1
51336704,4096,1
51336712,8704,1
51336704,4096,1
51669032,4096,1
4228112,36864,1
4228184,4096,1
51336704,12800,1
4228192,40960,1
4228272,4096,1
51336704,4096,1
51336712,8704,1
51336704,4096,1
50600400,4096,1
4228280,36864,1
4228352,4096,1
50281872,20992,1
4228360,40960,1
4228440,4096,1
50281872,4096,1
50281880,16896,1
50281872,4096,1
49592384,12800,1
4228448,16384,1
4228480,4096,1
49592384,4096,1
49592392,8704,1
49592384,4096,1
51336704,12800,1
4228488,12288,1
4228512,4096,1
51336704,4096,1
51336712,8704,1
51336704,4096,1
50600408,4096,1
4228520,36864,1
4228592,4096,1
50281872,20992,1
4228600,40960,1
4228680,4096,1
50281872,4096,1
50281880,16896,1
50281872,4096,1
50600416,4096,1
4228688,36864,1
4228760,4096,1
51669040,4096,1
4228768,49152,1
4228864,4096,1
51336704,12800,1
4228872,40960,1
50281872,20992,1
4228952,4096,1
4228960,12800,1
4228976,4096,1
51336712,8704,1
50281872,4096,1
51336704,4096,1
4770720,16896,1
51336704,12800,1
50281872,4096,1
4228984,12288,1
4229008,4096,1
51336704,4096,1
51336712,8704,1
51336704,4096,1
50281872,16896,1
51336704,12800,1
4229016,8192,1
4229032,4096,1
50281872,4096,1
50281880,12800,1
50281872,4096,1
4229040,12288,1
4229064,4096,1
51336704,4096,1
51336712,8704,1
51336704,4096,1
50281872,12800,1
4229072,8192,1
4229088,4096,1
50281872,4096,1
50281880,8704,1
50281872,4096,1
51669048,4096,1
4229096,36864,1
4229168,4096,1
51669056,4096,1
4229176,40960,1
4229256,4096,1
51669064,4096,1
4229264,45056,1
4229352,4096,1
50600424,4096,1
4229360,45056,1
4229448,4096,1
49592384,12800,1
4229456,45056,1
4229544,4096,1
49592384,4096,1
49592392,8704,1
49592384,4096,1
51336704,12800,1
4229552,12288,1
4229576,4096,1
51336704,4096,1
51336712,8704,1
51336704,4096,1
51336704,12800,1
4229584,8192,1
4229600,4096,1
51336704,4096,1
51336712,8704,1
51336704,4096,1
51336704,12800,1
50600432,4096,1
4229608,36864,1
4229680,4096,1
4229688,4096,1
51336704,4096,1
51336712,8704,1
51336704,4096,1
51669072,4096,1
4229696,49152,1
4229792,4096,1
51669080,4096,1
4229800,45056,1
4229888,4096,1
51154952,33280,1
4229896,40960,1
4229976,4096,1
925712,61440,0
925840,12288,0
3969024,4096,1
3969040,4096,1
50368512,4096,1
51941384,4096,1
51941648,8192,1
51941720,12800,1
51336704,12800,1
4229984,8192,1
4230000,4096,1
51336704,4096,1
51336712,8704,1
51336704,4096,1
51336704,12800,1
4230008,8192,1
4230024,4096,1
51336704,4096,1
50600440,4096,1
51336712,8704,1
4230032,36864,1
4230104,4096,1
51336704,4096,1
49592384,12800,1
4230112,45056,1
4230200,4096,1
49592384,4096,1
49592392,8704,1
49592384,4096,1
51669088,4096,1
4230208,36864,1
4230280,4096,1
50281872,29184,1
4230288,40960,1
4230368,4096,1
50281872,4096,1
50281880,29184,1
4230376,24576,1
4230424,4096,1
50281872,4096,1
50281872,12800,1
50600448,4096,1
4230432,36864,1
4230504,4096,1
50281872,4096,1
50281880,8704,1
50281872,4096,1
4230512,12288,1
4230536,4096,1
51669096,24576,1
4230544,20480,1
4230584,4096,1
4230592,4096,1
51669096,4096,1
4531288,20992,1
4230600,36864,1
4230672,4096,1
51336704,12800,1
4230680,24576,1
4230728,4096,1
51336704,4096,1
51336712,8704,1
51336704,4096,1
51336704,12800,1
4230736,8192,1
4230752,4096,1
51336704,4096,1
51336712,8704,1
51336704,4096,1
51336704,12800,1
4230760,8192,1
4230776,4096,1
51336704,4096,1
51336712,8704,1
51336704,4096,1
50867096,4096,1
4230784,36864,1
4230856,4096,1
50281872,20992,1
4230864,40960,1
4230944,4096,1
50281872,4096,1
50281880,16896,1
50281872,4096,1
51336704,12800,1
4230952,32768,1
4231016,4096,1
50867104,4096,1
51336704,4096,1
4231024,20480,1
4231064,4096,1
50282016,8704,1
51336704,4096,1
50600456,4096,1
4231072,49664,1
4243504,4096,1
51336704,12800,1
4243512,40960,1
4243592,4096,1
51336704,4096,1
51336712,8704,1
51336704,4096,1
49592384,12800,1
4243600,12288,1
4243624,4096,1
49592384,4096,1
49592392,8704,1
49592384,4096,1
51669144,4096,1
4243632,36864,1
4243704,4096,1
51336704,12800,1
4243712,40960,1
4243792,4096,1
51336704,4096,1
51336712,8704,1
51336704,4096,1
51669152,4096,1
4243800,36864,1
4243872,4096,1
51336704,12800,1
4243880,40960,1
4243960,4096,1
51336704,4096,1
51336712,8704,1
51336704,4096,1
50600464,4096,1
4243968,36864,1
4244040,4096,1
50281872,37376,1
4244048,40960,1
4244128,4096,1
50281872,4096,1
50281880,29184,1
50281872,4096,1
49592384,12800,1
4244136,28672,1
4244192,4096,1
49592384,4096,1
49592392,8704,1
49592384,4096,1
51336704,12800,1
4244200,12288,1
4244224,4096,1
51336704,4096,1
51336712,8704,1
51336704,4096,1
51669160,4096,1
4244232,36864,1
4244304,4096,1
50281872,20992,1
4244312,40960,1
4244392,4096,1
50281872,4096,1
51336704,12800,1
4770952,16896,1
4244400,12288,1
4244424,4096,1
50281872,4096,1
51336704,4096,1
51336712,8704,1
51336704,4096,1
51669168,4096,1
4244432,36864,1
4244504,4096,1
51669176,4096,1
4244512,45056,1
4244600,4096,1
51336704,12800,1
4244608,40960,1
4244688,4096,1
51336704,4096,1
50281872,20992,1
51336712,8704,1
51336704,4096,1
4244696,8192,1
4244712,4096,1
50281872,4096,1
50281880,16896,1
50281872,4096,1
50281872,16896,1
4244720,12288,1
4244744,4096,1
50281872,4096,1
50281880,12800,1
50281872,4096,1
50281872,12800,1
4244752,12288,1
4244776,4096,1
50281872,4096,1
50281880,8704,1
50281872,4096,1
51669184,4096,1
4244784,36864,1
4244856,4096,1
51669192,4096,1
4244864,40960,1
4244944,4096,1
49592384,12800,1
4244952,45056,1
4245040,4096,1
49592384,4096,1
50600472,4096,1
4245048,40960,1
4245128,4096,1
49592392,8704,1
49592384,4096,1
50600480,4096,1
4245136,53248,1
4245240,4096,1
51336704,12800,1
4245248,40960,1
4245328,4096,1
51336704,4096,1
51336712,8704,1
51336704,4096,1
50600488,4096,1
4245336,36864,1
4245408,4096,1
50600496,4096,1
4245416,36864,1
4245488,4096,1
50600504,4096,1
4245496,45056,1
4245584,4096,1
51336704,12800,1
4245592,40960,1
4245672,4096,1
51336704,4096,1
51336712,8704,1
51336704,4096,1
51336704,12800,1
4245680,8192,1
4245696,4096,1
51336704,4096,1
51336712,8704,1
51336704,4096,1
51669200,4096,1
4245704,36864,1
4245776,4096,1
51336704,12800,1
4245784,40960,1
4245864,4096,1
50600512,4096,1
51336704,4096,1
4245872,36864,1
4245944,4096,1
50282016,8704,1
51336704,4096,1
50281872,12800,1
4245952,40960,1
4246032,4096,1
50281872,4096,1
50281880,8704,1
50281872,4096,1
50281872,12800,1
4246040,12288,1
4246064,4096,1
50281872,4096,1
50281880,8704,1
50281872,4096,1
50281872,12800,1
4246072,12288,1
4246096,4096,1
50281872,4096,1
50281880,8704,1
50281872,4096,1
51336704,12800,1
4246104,12288,1
4246128,4096,1
51336704,4096,1
51336712,8704,1
51336704,4096,1
51336704,12800,1
4246136,8192,1
4246152,4096,1
51336704,4096,1
51336712,8704,1
50867112,4096,1
51336704,4096,1
4246160,36864,1
4246232,4096,1
4763672,49664,1
51336704,12800,1
4246240,40960,1
4246320,4096,1
51336704,4096,1
51336712,8704,1
51336704,4096,1
51336704,12800,1
4246328,8192,1
4246344,4096,1
51336704,4096,1
51336712,8704,1
51336704,4096,1
50600520,4096,1
4246352,36864,1
4246424,4096,1
51336704,12800,1
4246432,40960,1
4246512,4096,1
51336704,4096,1
51336712,8704,1
51336704,4096,1
51336704,12800,1
4246520,8192,1
4246536,4096,1
51336704,4096,1
51336712,8704,1
51336704,4096,1
51336704,12800,1
4246544,8192,1
4246560,4096,1
51336704,4096,1
51336712,8704,1
51336704,4096,1
51336704,12800,1
4246568,8192,1
4246584,4096,1
51336704,4096,1
51336712,8704,1
51336704,4096,1
51336704,12800,1
4246592,8192,1
4246608,4096,1
51336704,4096,1
51336712,8704,1
51336704,4096,1
51336704,12800,1
4246616,8192,1
4246632,4096,1
51336704,4096,1
51336712,8704,1
51336704,4096,1
51336704,12800,1
4246640,8192,1
4246656,4096,1
51336704,4096,1
51336712,8704,1
50600528,4096,1
4246664,36864,1
51336704,4096,1
4246736,4096,1
51336704,12800,1
4246744,40960,1
4246824,4096,1
50600536,4096,1
51336704,4096,1
4246832,36864,1
4246904,4096,1
50282016,8704,1
51336704,4096,1
50281872,33280,1
4246912,40960,1
49592384,12800,1
4246992,4096,1
50281872,4096,1
4247000,12288,1
4247024,4096,1
4770720,29184,1
49592384,4096,1
50281872,4096,1
49592392,8704,1
49592384,4096,1
50600544,4096,1
4247032,40960,1
4247112,4096,1
51336704,12800,1
4247120,40960,1
4247200,4096,1
51336704,4096,1
51336712,8704,1
51336704,4096,1
51336704,12800,1
4247208,8192,1
4247224,4096,1
51336704,4096,1
51336712,8704,1
51669208,4096,1
4247232,36864,1
4247304,4096,1
51336704,4096,1
51417088,12800,1
51669216,8192,1
4247312,65536,1
4247440,4096,1
51669232,8192,1
4247448,36864,1
4247520,4096,1
51669248,4096,1
4247528,49152,1
4247624,4096,1
51669256,4096,1
4247632,36864,1
4247704,4096,1
51336704,12800,1
4247712,40960,1
4247792,4096,1
51336704,4096,1
51336712,8704,1
51336704,4096,1
51336704,12800,1
50600552,4096,1
4247800,36864,1
4247872,4096,1
4247880,4096,1
51336704,4096,1
51336712,8704,1
51336704,4096,1
49592384,12800,1
4247888,45056,1
4247976,4096,1
49592384,4096,1
49592392,8704,1
49592384,4096,1
49592384,12800,1
4247984,8192,1
4248000,4096,1
49592384,4096,1
49592392,8704,1
49592384,4096,1
51669264,4096,1
4248008,36864,1
4248080,4096,1
46960640,41472,1
47000160,4096,1
924544,16384,0
924584,4096,0
4248088,49152,1
4248184,4096,1
51669272,8192,1
4248192,32768,1
4248256,4096,1
46960640,4096,1
46960768,4096,1
50368512,4096,1
51941648,8192,1
51945552,4096,1
51336704,4096,1
51336736,8192,1
4248264,40960,1
4248344,4096,1
51336704,4096,1
51336712,4096,1
50282016,4096,1
51336704,4096,1
51336704,4096,1
51336736,8192,1
50600560,4096,1
4248352,32768,1
4248416,4096,1
4248424,4096,1
51336704,4096,1
51336712,4096,1
50282016,4096,1
51336704,4096,1
49592384,4096,1
49592416,8192,1
4248432,40960,1
4248512,4096,1
49592384,4096,1
49592392,4096,1
49592448,4096,1
49592384,4096,1
51669288,4096,1
4248520,32768,1
4248584,4096,1
51336704,4096,1
51336736,8192,1
4248592,36864,1
4248664,4096,1
51336704,4096,1
51336712,4096,1
50282016,4096,1
51336704,4096,1
51336704,4096,1
51336736,8192,1
4248672,20480,1
4248712,4096,1
50600568,4096,1
51336704,4096,1
4248720,32768,1
4248784,4096,1
50282016,4096,1
51336712,4096,1
51336704,4096,1
49592384,4096,1
49592416,8192,1
4248792,40960,1
4248872,4096,1
49592384,4096,1
49592392,4096,1
49592448,4096,1
49592384,4096,1
50600576,4096,1
4248880,32768,1
4248944,4096,1
50281872,4096,1
50281904,8192,1
51267192,12288,1
4248952,40960,1
4249032,4096,1
50281872,4096,1
50281880,4096,1
4770952,4096,1
4771144,4096,1
4787784,4096,1
4787856,4096,1
50281872,4096,1
50281872,4096,1
50281904,8192,1
4249040,12288,1
4249064,4096,1
50281872,4096,1
50281880,4096,1
4787784,4096,1
50281872,4096,1
50867120,4096,1
4249072,36864,1
4249144,4096,1
51336704,4096,1
51336736,8192,1
4249152,40960,1
4249232,4096,1
51336704,4096,1
51336712,4096,1
50282016,4096,1
51336704,4096,1
51336704,4096,1
51336736,8192,1
4249240,8192,1
4249256,4096,1
51336704,4096,1
51336712,4096,1
50282016,4096,1
51336704,4096,1
50867128,4096,1
4249264,36864,1
4249336,4096,1
50281872,4096,1
50281904,8192,1
51267192,8192,1
4249344,40960,1
4249424,4096,1
50281872,4096,1
50281880,4096,1
4770952,8192,1
4787784,4096,1
50281872,4096,1
50867136,4096,1
4249432,36864,1
4249504,4096,1
51336704,4096,1
51336736,8192,1
4249512,40960,1
4249592,4096,1
51336704,4096,1
51336712,4096,1
50282016,4096,1
51336704,4096,1
51336704,4096,1
51336736,8192,1
4249600,8192,1
4249616,4096,1
51336704,4096,1
51336712,4096,1
50282016,4096,1
51336704,4096,1
51336704,4096,1
51336736,8192,1
4249624,8192,1
4249640,4096,1
51336704,4096,1
51336712,4096,1
50282016,4096,1
51336704,4096,1
50600584,4096,1
4249648,36864,1
4249720,4096,1
49592384,4096,1
49592416,8192,1
4249728,40960,1
4249808,4096,1
49592384,4096,1
49592392,4096,1
49592448,4096,1
49592384,4096,1
51669296,4096,1
4249816,36864,1
4249888,4096,1
51336704,4096,1
51336736,8192,1
4249896,40960,1
4249976,4096,1
51336704,4096,1
51336712,4096,1
50282016,4096,1
51336704,4096,1
49592384,4096,1
49592416,8192,1
4249984,12288,1
4250008,4096,1
49592384,4096,1
49592392,4096,1
49592448,4096,1
49592384,4096,1
50600592,4096,1
4250016,36864,1
4250088,4096,1
51669304,4096,1
4250096,36864,1
4250168,4096,1
51336704,4096,1
51336736,8192,1
4250176,40960,1
4250256,4096,1
51336704,4096,1
51336712,4096,1
50282016,4096,1
51336704,4096,1
50281872,4096,1
50281904,8192,1
51267192,8192,1
4250264,8192,1
4250280,4096,1
50281872,4096,1
50281880,4096,1
4770720,12288,1
50281872,4096,1
50281872,4096,1
50281904,8192,1
51267192,12288,1
4250288,12288,1
4250312,4096,1
50281872,4096,1
50281880,4096,1
4770952,4096,1
4771144,4096,1
4787784,4096,1
4787856,4096,1
50281872,4096,1
50281872,4096,1
50281904,8192,1
4250320,12288,1
4250344,4096,1
50281872,4096,1
50281880,4096,1
4787784,4096,1
50281872,4096,1
51669312,4096,1
4250352,36864,1
4250424,4096,1
51669320,4096,1
4250432,40960,1
4250512,4096,1
50281872,4096,1
50281904,8192,1
51267192,8192,1
4250520,40960,1
4250600,4096,1
50281872,4096,1
50281880,4096,1
4770952,8192,1
4787784,4096,1
50281872,4096,1
49592384,4096,1
49592416,8192,1
4250608,16384,1
4250640,4096,1
49592384,4096,1
49592392,4096,1
49592448,4096,1
49592384,4096,1
51669328,4096,1
4250648,40960,1
4250728,4096,1
51669336,4096,1
4250736,49152,1
4250832,4096,1
50867144,4096,1
4250840,45056,1
4250928,4096,1
51336704,4096,1
51336736,8192,1
4250936,40960,1
4251016,4096,1
51336704,4096,1
51336712,4096,1
50282016,4096,1
51336704,4096,1
50867152,4096,1
4251024,36864,1
4251096,4096,1
50867160,4096,1
4251104,49152,1
4251200,4096,1
51336704,4096,1
51336736,8192,1
4251208,40960,1
4251288,4096,1
51336704,4096,1
51336712,4096,1
50282016,4096,1
51336704,4096,1
51336704,4096,1
51336736,8192,1
4251296,8192,1
4251312,4096,1
51336704,4096,1
51336712,4096,1
50282016,4096,1
51336704,4096,1
50600600,4096,1
4251320,36864,1
4251392,4096,1
50368512,4096,1
51155160,4096,1
51155216,4096,1
51417088,4096,1
51941656,4096,1
51941720,16896,1
4251400,49152,1
51669344,4096,1
4251496,4096,1
50600608,4096,1
4251504,36864,1
4251576,4096,1
4251584,45056,1
4251672,4096,1
50368512,61952,1
4251680,20480,1
4251720,4096,1
50600616,4096,1
4251728,28672,1
4251784,4096,1
50330856,29184,1
4251792,36864,1
4251864,4096,1
50330856,4096,1
50330864,25088,1
50330856,4096,1
50330856,25088,1
4251872,12288,1
4251896,4096,1
50330856,4096,1
50330864,45568,1
4251904,20480,1
4251944,4096,1
50330856,4096,1
50330856,16896,1
4251952,8192,1
4251968,4096,1
50330856,4096,1
50330864,12800,1
50330856,4096,1
50330856,16896,1
4251976,12288,1
4252000,4096,1
50330856,4096,1
50330864,12800,1
50330856,4096,1
52137072,12800,1
4252008,12288,1
4252032,4096,1
52137072,4096,1
50170120,8704,1
52137072,4096,1
50600624,4096,1
4252040,32768,1
4252104,4096,1
51669352,4096,1
4252112,45056,1
4252200,4096,1
51669360,4096,1
4252208,45056,1
4252296,4096,1
51669368,4096,1
4252304,45056,1
4252392,4096,1
51669376,4096,1
4252400,40960,1
4252480,4096,1
50330856,37376,1
4252488,36864,1
4252560,4096,1
50330856,4096,1
50330864,37376,1
4252568,20480,1
4252608,4096,1
50330856,4096,1
51669384,4096,1
4252616,32768,1
4252680,4096,1
50330856,12800,1
4252688,36864,1
4252760,4096,1
50330856,4096,1
50330864,8704,1
50330856,4096,1
52137072,12800,1
4252768,12288,1
4252792,4096,1
52137072,4096,1
50170120,8704,1
52137072,4096,1
52137072,12800,1
4252800,8192,1
4252816,4096,1
52137072,4096,1
50170120,8704,1
52137072,4096,1
50330856,25088,1
4252824,8192,1
4252840,4096,1
50330856,4096,1
50330864,20992,1
50330856,4096,1
50330856,61952,1
4252848,12288,1
4252872,4096,1
50330856,4096,1
50330864,45568,1
50330856,4096,1
51669392,4096,1
4252880,57344,1
4252992,4096,1
50330856,33280,1
4253000,40960,1
4253080,4096,1
50330856,4096,1
50330864,29184,1
50330856,4096,1
50330856,20992,1
4253088,16384,1
4253120,4096,1
50330856,4096,1
50330864,16896,1
50330856,4096,1
50600632,4096,1
4253128,36864,1
4253200,4096,1
46983608,4096,0
51336704,4096,1
51336736,8192,1
4253208,40960,1
4253288,4096,1
51336704,4096,1
51336712,4096,1
50282016,4096,1
51336704,4096,1
51336704,4096,1
51336736,8192,1
4253296,8192,1
4253312,4096,1
51336704,4096,1
50600640,4096,1
4253320,32768,1
50282016,4096,1
51336712,4096,1
4253384,4096,1
51336704,4096,1
49592384,4096,1
49592416,8192,1
4253392,45056,1
4253480,4096,1
49592384,4096,1
49592392,4096,1
49592448,4096,1
49592384,4096,1
50600648,4096,1
4253488,36864,1
4253560,4096,1
47016096,16384,1
49582112,4096,1
51155160,4096,1
51417088,8192,1
51417216,4096,1
51417320,4096,1
51417640,25088,1
50281872,29184,1
4253568,49152,1
4253664,4096,1
50281872,4096,1
50281880,29184,1
4253672,20480,1
4253712,4096,1
50281872,4096,1
50281872,12800,1
4253720,8192,1
4253736,4096,1
50281872,4096,1
50281880,8704,1
50281872,4096,1
51336704,12800,1
4253744,12288,1
4253768,4096,1
51336704,4096,1
51336712,8704,1
51336704,4096,1
51336704,12800,1
4253776,8192,1
4253792,4096,1
51336704,4096,1
51336712,8704,1
51336704,4096,1
50600656,4096,1
4253800,36864,1
4253872,4096,1
50281872,20992,1
4253880,40960,1
4253960,4096,1
50281872,4096,1
50281880,16896,1
50281872,4096,1
50600664,4096,1
4253968,36864,1
4254040,4096,1
51336704,12800,1
4254048,40960,1
4254128,4096,1
51336704,4096,1
51336712,8704,1
51336704,4096,1
51336704,12800,1
4254136,8192,1
4254152,4096,1
51336704,4096,1
51336712,8704,1
51336704,4096,1
51336704,12800,1
4254160,8192,1
4254176,4096,1
51336704,4096,1
51336712,8704,1
51336704,4096,1
51669400,4096,1
4254184,36864,1
4254256,4096,1
49592384,12800,1
4254264,40960,1
4254344,4096,1
49592384,4096,1
49592392,8704,1
49592384,4096,1
51669408,4096,1
4254352,36864,1
4254424,4096,1
51336704,12800,1
4254432,40960,1
4254512,4096,1
51669416,4096,1
51336704,4096,1
4254520,36864,1
4254592,4096,1
50282016,8704,1
51336704,4096,1
49592384,12800,1
51336704,12800,1
4254600,45056,1
4254688,4096,1
49592384,4096,1
49592392,8704,1
49592384,4096,1
4254696,8192,1
4254712,4096,1
51669424,4096,1
51336704,4096,1
4254720,36864,1
4254792,4096,1
50282016,8704,1
51336704,4096,1
50281872,37376,1
4254800,40960,1
4254880,4096,1
50281872,4096,1
50281880,29184,1
50281872,4096,1
50600672,4096,1
4254888,49152,1
4254984,4096,1
51336704,12800,1
4254992,40960,1
4255072,4096,1
51336704,4096,1
50281872,20992,1
51336712,8704,1
51336704,4096,1
4255080,8192,1
4255096,4096,1
50281872,4096,1
50281880,16896,1
50281872,4096,1
50281872,20992,1
4255104,12288,1
4255128,4096,1
50281872,4096,1
50281880,16896,1
50281872,4096,1
50281872,12800,1
4255136,12288,1
4255160,4096,1
50281872,4096,1
50281880,8704,1
50281872,4096,1
51669432,4096,1
4255168,32768,1
4255232,4096,1
50600680,4096,1
4255240,40960,1
4255320,4096,1
50281872,20992,1
4255328,40960,1
4255408,4096,1
50281872,4096,1
50281880,16896,1
50281872,4096,1
49592384,12800,1
4255416,16384,1
4255448,4096,1
49592384,4096,1
49592392,8704,1
49592384,4096,1
50600688,4096,1
4255456,40960,1
4255536,4096,1
50867168,4096,1
4255544,49152,1
4255640,4096,1
51336704,12800,1
4255648,40960,1
4255728,4096,1
51336704,4096,1
51336712,8704,1
51336704,4096,1
50600696,4096,1
4255736,36864,1
4255808,4096,1
50600704,4096,1
3981360,49664,1
3981440,4096,1
51336704,12800,1
3981448,40960,1
3981528,4096,1
51336704,4096,1
51336712,8704,1
51336704,4096,1
51336704,12800,1
3981536,8192,1
3981552,4096,1
51336704,4096,1
51336712,8704,1
51336704,4096,1
51336704,12800,1
3981560,8192,1
3981576,4096,1
51336704,4096,1
51336712,8704,1
51336704,4096,1
50600712,4096,1
3981584,36864,1
3981656,4096,1
51336704,12800,1
3981664,40960,1
3981744,4096,1
51336704,4096,1
51336712,8704,1
51336704,4096,1
51336704,12800,1
3981752,8192,1
3981768,4096,1
51336704,4096,1
51336712,8704,1
51336704,4096,1
51669440,4096,1
3981776,36864,1
3981848,4096,1
49592384,12800,1
3981856,40960,1
3981936,4096,1
49592384,4096,1
49592392,8704,1
49592384,4096,1
49592384,12800,1
3981944,8192,1
3981960,4096,1
49592384,4096,1
49592392,8704,1
49592384,4096,1
51669448,4096,1
3981968,36864,1
3982040,4096,1
50281872,29184,1
3982048,40960,1
3982128,4096,1
50281872,4096,1
50281880,29184,1
3982136,20480,1
3982176,4096,1
50281872,4096,1
50281872,12800,1
3982184,8192,1
3982200,4096,1
50281872,4096,1
50281880,8704,1
50281872,4096,1
51336704,12800,1
3982208,12288,1
3982232,4096,1
51336704,4096,1
51336712,8704,1
51336704,4096,1
51336704,12800,1
3982240,8192,1
3982256,4096,1
51336704,4096,1
51336712,8704,1
51336704,4096,1
51669456,4096,1
3982264,36864,1
3982336,4096,1
50281872,20992,1
3982344,40960,1
3982424,4096,1
50281872,4096,1
50281880,16896,1
50281872,4096,1
51669464,4096,1
3982432,36864,1
3982504,4096,1
51336704,12800,1
3982512,40960,1
3982592,4096,1
51336704,4096,1
51336712,8704,1
51336704,4096,1
51336704,12800,1
3982600,8192,1
3982616,4096,1
51336704,4096,1
51336712,8704,1
51336704,4096,1
51336704,12800,1
3982624,8192,1
3982640,4096,1
51336704,4096,1
51336712,8704,1
51336704,4096,1
50600720,4096,1
3982648,36864,1
3982720,4096,1
49592384,12800,1
3982728,40960,1
3982808,4096,1
49592384,4096,1
49592392,8704,1
49592384,4096,1
50600728,4096,1
3982816,36864,1
3982888,4096,1
51336704,12800,1
3982896,40960,1
3982976,4096,1
51336704,4096,1
51336712,8704,1
51669472,4096,1
51336704,4096,1
3982984,36864,1
3983056,4096,1
51336704,12800,1
3983064,40960,1
3983144,4096,1
51336704,4096,1
51336712,8704,1
51669480,4096,1
3983152,36864,1
3983224,4096,1
51336704,4096,1
50281872,37376,1
3983232,40960,1
3983312,4096,1
50281872,4096,1
50281880,33280,1
50281872,4096,1
49592384,12800,1
3983320,16384,1
3983352,4096,1
49592384,4096,1
49592392,8704,1
49592384,4096,1
51336704,12800,1
3983360,12288,1
3983384,4096,1
51336704,4096,1
51336712,8704,1
51336704,4096,1
51336704,12800,1
3983392,8192,1
3983408,4096,1
51336704,4096,1
51336712,8704,1
49592384,12800,1
50600736,4096,1
51336704,4096,1
3983416,40960,1
3983496,4096,1
3983504,4096,1
49592384,4096,1
50281872,20992,1
49592392,8704,1
3983512,45056,1
3983600,4096,1
49592384,4096,1
50281872,4096,1
50281880,16896,1
50281872,4096,1
50600744,4096,1
3983608,40960,1
3983688,4096,1
51336704,12800,1
3983696,45056,1
3983784,4096,1
51669488,4096,1
51336704,4096,1
3983792,20480,1
3983832,4096,1
50282016,8704,1
51336704,4096,1
51669496,4096,1
3983840,40960,1
3983920,4096,1
50281872,20992,1
3983928,40960,1
3984008,4096,1
50281872,4096,1
50281880,16896,1
50281872,4096,1
50281872,16896,1
3984016,12288,1
3984040,4096,1
50281872,4096,1
50281880,12800,1
50281872,4096,1
50281872,12800,1
3984048,12288,1
3984072,4096,1
50281872,4096,1
50281880,8704,1
50281872,4096,1
50600752,4096,1
3984080,36864,1
3984152,4096,1
50600760,4096,1
3984160,45056,1
3984248,4096,1
51336704,12800,1
3984256,40960,1
3984336,4096,1
51336704,4096,1
51336712,8704,1
51669504,4096,1
3984344,36864,1
3984416,4096,1
51336704,4096,1
51669512,4096,1
3984424,49152,1
3984520,4096,1
51669520,4096,1
3984528,49152,1
3984624,4096,1
50600768,4096,1
3984632,49152,1
3984728,4096,1
51336704,12800,1
3984736,40960,1
3984816,4096,1
51336704,4096,1
51336712,8704,1
51336704,4096,1
51336704,12800,1
3984824,8192,1
3984840,4096,1
51336704,4096,1
51336712,8704,1
50600776,4096,1
51336704,4096,1
3984848,36864,1
3984920,4096,1
3969032,37376,1
51336704,12800,1
50600784,4096,1
3984928,40960,1
3985008,4096,1
51336704,4096,1
51336712,8704,1
51336704,4096,1
3985016,40960,1
3985096,4096,1
49592384,12800,1
3985104,8192,1
3985120,4096,1
49592384,4096,1
49592392,8704,1
49592384,4096,1
51669528,4096,1
3985128,36864,1
3985200,4096,1
50281872,20992,1
3985208,40960,1
3985288,4096,1
50281872,4096,1
50281880,16896,1
50281872,4096,1
50281872,25088,1
3985296,12288,1
3985320,4096,1
50281872,4096,1
50281880,20992,1
50281872,4096,1
50281872,12800,1
3985328,12288,1
3985352,4096,1
50281872,4096,1
50281880,8704,1
50281872,4096,1
51669536,4096,1
3985360,36864,1
3985432,4096,1
51336704,12800,1
3985440,40960,1
3985520,4096,1
51336704,4096,1
51336712,8704,1
51336704,4096,1
51336704,12800,1
3985528,8192,1
3985544,4096,1
51669544,4096,1
51336704,4096,1
3985552,36864,1
3985624,4096,1
50282016,8704,1
51336704,4096,1
51941704,12800,1
3985632,40960,1
3985712,4096,1
50281872,12800,1
3985720,12288,1
3985744,4096,1
50281872,4096,1
50281880,8704,1
50281872,4096,1
50281872,12800,1
3985752,12288,1
3985776,4096,1
50281872,4096,1
50281880,8704,1
50281872,4096,1
51336704,12800,1
3985784,12288,1
3985808,4096,1
51336704,4096,1
51336712,8704,1
51669552,4096,1
3985816,36864,1
51336704,4096,1
3985888,4096,1
51669560,4096,1
3985896,36864,1
3985968,4096,1
51336704,12800,1
3985976,40960,1
3986056,4096,1
51336704,4096,1
51336712,8704,1
51336704,4096,1
50867176,4096,1
3986064,36864,1
3986136,4096,1
51059464,16896,1
3986144,40960,1
3986224,4096,1
51059464,4096,1
51059472,12800,1
51059464,4096,1
49592384,12800,1
3986232,12288,1
3986256,4096,1
49592384,4096,1
49592392,8704,1
49592384,4096,1
51669568,4096,1
3986264,36864,1
3986336,4096,1
50281872,20992,1
3986344,40960,1
3986424,4096,1
50281872,4096,1
50281880,16896,1
50281872,4096,1
50281872,37376,1
3986432,12288,1
3986456,4096,1
50281872,4096,1
50281880,33280,1
50281872,4096,1
50281872,12800,1
3986464,12288,1
3986488,4096,1
50281872,4096,1
50281880,8704,1
50281872,4096,1
51669576,4096,1
3986496,36864,1
3986568,4096,1
50630656,41472,1
49592384,12800,1
3986576,45056,1
3986664,4096,1
49592384,4096,1
49592392,8704,1
49592384,4096,1
51669584,4096,1
3986672,36864,1
3986744,4096,1
50281872,20992,1
3986752,40960,1
3986832,4096,1
50281872,4096,1
50281880,16896,1
50281872,4096,1
50281872,25088,1
3986840,12288,1
3986864,4096,1
50281872,4096,1
50281880,20992,1
50281872,4096,1
50281872,12800,1
3986872,12288,1
3986896,4096,1
50281872,4096,1
50281880,8704,1
50281872,4096,1
51669592,4096,1
3986904,36864,1
3986976,4096,1
51155160,8704,1
3986984,40960,1
3987064,4096,1
3969040,37376,1
49592384,12800,1
3987072,8192,1
3987088,4096,1
49592384,4096,1
49592392,8704,1
49592384,4096,1
51669600,4096,1
3987096,36864,1
3987168,4096,1
50281872,20992,1
3987176,40960,1
3987256,4096,1
50281872,4096,1
50281880,16896,1
50281872,4096,1
50281872,25088,1
3987264,12288,1
3987288,4096,1
50281872,4096,1
50281880,20992,1
50281872,4096,1
50281872,12800,1
3987296,12288,1
3987320,4096,1
50281872,4096,1
50281880,8704,1
50281872,4096,1
51669608,4096,1
3987328,36864,1
3987400,4096,1
49592384,12800,1
3987408,45056,1
3987496,4096,1
49592384,4096,1
49592392,8704,1
49592384,4096,1
51669616,4096,1
3987504,36864,1
3987576,4096,1
50281872,20992,1
3987584,40960,1
3987664,4096,1
50281872,4096,1
50281880,16896,1
50281872,4096,1
50281872,25088,1
3987672,12288,1
3987696,4096,1
50281872,4096,1
50281880,20992,1
50281872,4096,1
50281872,12800,1
3987704,12288,1
3987728,4096,1
50281872,4096,1
50281880,8704,1
50281872,4096,1
51669624,4096,1
3987736,36864,1
3987808,4096,1
51155160,8704,1
51669632,4096,1
3987816,61440,1
3987936,4096,1
3987944,32768,1
3988008,4096,1
3969040,61952,1
49592384,12800,1
3988016,8192,1
3988032,4096,1
49592384,4096,1
49592392,8704,1
49592384,4096,1
49592384,12800,1
3988040,8192,1
3988056,4096,1
49592384,4096,1
49592392,8704,1
49592384,4096,1
51669640,4096,1
3988064,36864,1
3988136,4096,1
50281872,20992,1
3988144,40960,1
3988224,4096,1
50281872,4096,1
50281880,16896,1
50281872,4096,1
50281872,25088,1
3988232,12288,1
3988256,4096,1
50281872,4096,1
50281880,20992,1
50281872,4096,1
50281872,12800,1
3988264,12288,1
3988288,4096,1
50281872,4096,1
50281880,8704,1
50281872,4096,1
51669648,4096,1
3988296,36864,1
3988368,4096,1
51155160,8704,1
3988376,40960,1
3988456,4096,1
3969040,37376,1
19708968,12800,1
3988464,36864,1
3988536,4096,1
19708968,4096,1
19709024,8704,1
19708968,4096,1
19708968,25088,1
3988544,8192,1
3988560,4096,1
19708968,4096,1
19709024,20992,1
19708968,4096,1
5354496,32768,0
5354584,12288,0
5354624,4096,0
5354648,4096,0
5354664,4096,0
5354680,12288,0
5370112,45056,0
5370208,12288,0
5370256,8192,0
5370288,16384,0
51669656,8192,1
52023480,4096,1
3988568,81920,1
7408784,4096,1
3988728,4096,1
51669672,8192,1
3988736,36864,1
3988808,4096,1
51669688,4096,1
3988816,49152,1
3988912,4096,1
51669696,4096,1
3988920,36864,1
3988992,4096,1
49592384,4096,1
49592416,8192,1
3989000,40960,1
3989080,4096,1
49592384,4096,1
49592392,4096,1
49592448,4096,1
49592384,4096,1
51669704,4096,1
3989088,36864,1
3989160,4096,1
50281872,4096,1
50281904,8192,1
51267192,8192,1
3989168,40960,1
3989248,4096,1
50281872,4096,1
50281880,4096,1
4770720,12288,1
50281872,4096,1
50281872,4096,1
50281904,8192,1
51267192,12288,1
3989256,12288,1
3989280,4096,1
50281872,4096,1
50281880,4096,1
4770952,4096,1
4770984,4096,1
4787784,4096,1
4787864,4096,1
50281872,4096,1
50281872,4096,1
50281904,8192,1
3989288,12288,1
3989312,4096,1
50281872,4096,1
50281880,4096,1
4787784,4096,1
50281872,4096,1
50600792,4096,1
3989320,36864,1
3989392,4096,1
5322752,8192,1
5563392,4096,1
5563432,4096,1
5601280,4096,1
46960640,4096,1
46960768,123392,1
50281872,16896,1
3989400,61440,1
3989520,4096,1
50281872,4096,1
50281880,12800,1
50281872,4096,1
51336704,12800,1
3989528,16384,1
3989560,4096,1
51336704,4096,1
51336712,8704,1
51336704,4096,1
51336704,12800,1
3989568,8192,1
3989584,4096,1
51336704,4096,1
50281872,16896,1
51336712,8704,1
3989592,8192,1
3989608,4096,1
51336704,4096,1
50281872,4096,1
50281880,12800,1
50281872,4096,1
51336704,12800,1
3989616,12288,1
3989640,4096,1
51336704,4096,1
51336712,8704,1
51336704,4096,1
51336704,12800,1
3989648,8192,1
3989664,4096,1
51336704,4096,1
51336712,8704,1
51336704,4096,1
51336704,12800,1
3989672,8192,1
3989688,4096,1
51336704,4096,1
51336712,8704,1
51336704,4096,1
51336704,12800,1
3989696,8192,1
3989712,4096,1
51336704,4096,1
51336712,8704,1
51336704,4096,1
51336704,12800,1
3989720,8192,1
3989736,4096,1
51336704,4096,1
51336712,8704,1
51336704,4096,1
51336704,12800,1
3989744,8192,1
3989760,4096,1
51336704,4096,1
51336712,8704,1
51336704,4096,1
51336704,12800,1
3989768,8192,1
3989784,4096,1
51336704,4096,1
51336712,8704,1
51336704,4096,1
51336704,12800,1
3989792,8192,1
3989808,4096,1
51336704,4096,1
51336712,8704,1
51336704,4096,1
51336704,12800,1
3989816,8192,1
3989832,4096,1
51336704,4096,1
51336712,8704,1
51336704,4096,1
51336704,12800,1
3989840,8192,1
3989856,4096,1
51336704,4096,1
51336712,8704,1
51336704,4096,1
51336704,12800,1
3989864,8192,1
3989880,4096,1
51336704,4096,1
51336712,8704,1
51336704,4096,1
51669712,4096,1
3989888,36864,1
3989960,4096,1
51336704,12800,1
3989968,40960,1
3990048,4096,1
50600800,4096,1
51336704,4096,1
3990056,20480,1
3990096,4096,1
50282016,8704,1
51336704,4096,1
50281872,33280,1
3990104,40960,1
3990184,4096,1
50281872,4096,1
50281880,29184,1
50281872,4096,1
51336704,12800,1
3990192,12288,1
3990216,4096,1
51336704,4096,1
51336712,8704,1
51336704,4096,1
51336704,12800,1
3990224,8192,1
3990240,4096,1
51336704,4096,1
51336712,8704,1
51336704,4096,1
51336704,12800,1
3990248,8192,1
3990264,4096,1
51336704,4096,1
51336712,8704,1
51336704,4096,1
50600808,4096,1
3990272,36864,1
3990344,4096,1
51336704,12800,1
3990352,40960,1
3990432,4096,1
51336704,4096,1
51336712,8704,1
51669720,4096,1
51336704,4096,1
3990440,36864,1
3990512,4096,1
49592384,12800,1
3990520,40960,1
3990600,4096,1
49592384,4096,1
49592392,8704,1
49592384,4096,1
49592384,12800,1
3990608,8192,1
3990624,4096,1
49592384,4096,1
49592392,8704,1
49592384,4096,1
50600816,4096,1
3990632,36864,1
3990704,4096,1
47000160,37376,1
50281872,12800,1
3990712,49152,1
3990808,4096,1
50281872,4096,1
50281880,8704,1
50281872,4096,1
50281872,16896,1
3990816,12288,1
3990840,4096,1
50281872,4096,1
50281880,12800,1
50281872,4096,1
50600824,4096,1
3990848,36864,1
3990920,4096,1
50281872,16896,1
3990928,40960,1
3991008,4096,1
50281872,4096,1
50281880,12800,1
50281872,4096,1
50600832,4096,1
3991016,36864,1
3991088,4096,1
50281872,12800,1
3991096,40960,1
3991176,4096,1
50281872,4096,1
50281880,8704,1
50281872,4096,1
51336704,12800,1
3991184,12288,1
3991208,4096,1
51336704,4096,1
51336712,8704,1
51336704,4096,1
51336704,12800,1
50867184,4096,1
3991216,36864,1
3991288,4096,1
51336704,4096,1
51336712,8704,1
51336704,4096,1
51336704,12800,1
3991296,40960,1
3991376,4096,1
51336704,4096,1
51336712,8704,1
51336704,4096,1
51336704,12800,1
3991384,8192,1
3991400,4096,1
51336704,4096,1
51336712,8704,1
51336704,4096,1
50600840,4096,1
3991408,36864,1
3991480,4096,1
51669728,8192,1
3991488,61440,1
3991608,4096,1
51669744,8192,1
3991616,36864,1
3991688,4096,1
50600848,4096,1
3991696,53248,1
3991800,4096,1
50600856,4096,1
3991808,40960,1
3991888,4096,1
51336704,12800,1
3991896,40960,1
3991976,4096,1
51336704,4096,1
51336712,8704,1
51336704,4096,1
51336704,12800,1
3991984,8192,1
3992000,4096,1
51336704,4096,1
51336712,8704,1
51336704,4096,1
51669760,4096,1
3992008,36864,1
3992080,4096,1
46960640,49664,1
51336704,12800,1
3992088,40960,1
3992168,4096,1
51336704,4096,1
51336712,8704,1
51336704,4096,1
51669768,4096,1
3992176,36864,1
3992248,4096,1
50281872,20992,1
3992256,40960,1
3992336,4096,1
50281872,4096,1
50281880,16896,1
50281872,4096,1
50600864,4096,1
3992344,36864,1
3992416,4096,1
51336704,12800,1
3992424,40960,1
3992504,4096,1
51336704,4096,1
51336712,8704,1
51336704,4096,1
51336704,12800,1
3992512,8192,1
3992528,4096,1
51336704,4096,1
51336712,8704,1
51336704,4096,1
51336704,12800,1
3992536,8192,1
3992552,4096,1
51336704,4096,1
51336712,8704,1
51336704,4096,1
51336704,12800,1
3992560,8192,1
3992576,4096,1
51336704,4096,1
51336712,8704,1
51336704,4096,1
51336704,12800,1
3992584,8192,1
3992600,4096,1
51336704,4096,1
51336712,8704,1
51336704,4096,1
51336704,12800,1
3992608,8192,1
3992624,4096,1
51336704,4096,1
51336712,8704,1
51336704,4096,1
51336704,12800,1
3992632,8192,1
3992648,4096,1
51336704,4096,1
51336712,8704,1
51336704,4096,1
50600872,4096,1
3992656,36864,1
3992728,4096,1
50281872,33280,1
3992736,40960,1
3992816,4096,1
50281872,4096,1
50281880,29184,1
50281872,4096,1
51336704,12800,1
3992824,12288,1
3992848,4096,1
51336704,4096,1
51336712,8704,1
51336704,4096,1
51336704,12800,1
3992856,8192,1
3992872,4096,1
51336704,4096,1
51336712,8704,1
51336704,4096,1
51336704,12800,1
3992880,8192,1
3992896,4096,1
51336704,4096,1
51336712,8704,1
51336704,4096,1
51669776,4096,1
3992904,36864,1
3992976,4096,1
49592384,12800,1
3992984,40960,1
3993064,4096,1
49592384,4096,1
49592392,8704,1
49592384,4096,1
51336704,12800,1
51669784,4096,1
3993072,40960,1
3993152,4096,1
51336704,4096,1
51336712,8704,1
51336704,4096,1
50600880,4096,1
3993160,49152,1
3993256,4096,1
50867192,4096,1
3993264,49152,1
3993360,4096,1
49592384,12800,1
3993368,45056,1
3993456,4096,1
49592384,4096,1
49592392,8704,1
49592384,4096,1
50867200,4096,1
3993464,36864,1
3993536,4096,1
47000160,20992,1
50600888,8192,1
3993544,73728,1
3993688,4096,1
51336704,12800,1
3993696,40960,1
3993776,4096,1
51336704,4096,1
51336712,8704,1
51336704,4096,1
51336704,12800,1
3993784,8192,1
3993800,4096,1
51669792,4096,1
51336704,4096,1
3993808,32768,1
3993872,4096,1
50282016,8704,1
51336704,4096,1
49592384,12800,1
3993880,45056,1
3993968,4096,1
49592384,4096,1
49592392,8704,1
49592384,4096,1
50600904,4096,1
3993976,36864,1
3994048,4096,1
8956864,36864,0
8956944,4096,0
8956984,12288,0
8957024,4096,0
8957064,4096,0
8957088,16384,0
46960640,4096,1
46960768,4096,1
50368512,4096,1
50630656,4096,1
51155160,4096,1
51417096,20992,1
3994056,40960,1
3994136,4096,1
3969040,37376,1
8956424,8192,0
50281872,4096,1
50281904,8192,1
51267192,24576,1
51669800,4096,1
3994144,36864,1
3994216,4096,1
3981352,4096,1
3994224,4096,1
50281872,4096,1
50281880,4096,1
4770800,4096,1
4770952,4096,1
4770984,4096,1
4771064,8192,1
4787784,8704,1
50281872,4096,1
3994232,12288,1
3994256,4096,1
50281872,12800,1
50600912,24576,1
3994264,20480,1
3994304,4096,1
50281872,4096,1
50281880,8704,1
50281872,4096,1
3994312,12288,1
3994336,4096,1
50600912,4096,1
4531288,20992,1
3994344,36864,1
3994416,4096,1
51336704,12800,1
3994424,24576,1
3994472,4096,1
51336704,4096,1
51336712,8704,1
51336704,4096,1
51336704,12800,1
3994480,8192,1
3994496,4096,1
51336704,4096,1
51336712,8704,1
51336704,4096,1
51336704,12800,1
3994504,8192,1
3994520,4096,1
51336704,4096,1
51336712,8704,1
51336704,4096,1
51669808,4096,1
3994528,36864,1
3994600,4096,1
50281872,20992,1
3994608,40960,1
3994688,4096,1
50281872,4096,1
50281880,16896,1
50281872,4096,1
51669816,4096,1
3994696,36864,1
3994768,4096,1
51336704,12800,1
3994776,40960,1
3994856,4096,1
51336704,4096,1
51336712,8704,1
51336704,4096,1
51336704,12800,1
3994864,8192,1
3994880,4096,1
51336704,4096,1
51336712,8704,1
51336704,4096,1
51669824,4096,1
3994888,36864,1
3994960,4096,1
49592384,12800,1
3994968,40960,1
3995048,4096,1
49592384,4096,1
49592392,8704,1
49592384,4096,1
51669832,4096,1
3995056,40960,1
3995136,4096,1
51336704,12800,1
3995144,40960,1
3995224,4096,1
51336704,4096,1
50600960,4096,1
3995232,36864,1
3995304,4096,1
50282016,8704,1
51336704,4096,1
51336704,12800,1
3995312,40960,1
3995392,4096,1
51336704,4096,1
51336712,8704,1
51336704,4096,1
51669840,4096,1
3995400,36864,1
3995472,4096,1
50281872,20992,1
3995480,40960,1
3995560,4096,1
50281872,4096,1
50281880,16896,1
50281872,4096,1
49592384,12800,1
3995568,16384,1
3995600,4096,1
49592384,4096,1
49592392,8704,1
49592384,4096,1
51336704,12800,1
3995608,12288,1
3995632,4096,1
51336704,4096,1
51336712,8704,1
51336704,4096,1
51669848,4096,1
3995640,36864,1
3995712,4096,1
50281872,20992,1
3995720,40960,1
3995800,4096,1
50281872,4096,1
50281880,16896,1
50281872,4096,1
51669856,4096,1
3995808,36864,1
3995880,4096,1
51669864,4096,1
3995888,45056,1
3995976,4096,1
51336704,12800,1
3995984,40960,1
3996064,4096,1
51336704,4096,1
50281872,20992,1
51336712,8704,1
51336704,4096,1
3996072,8192,1
3996088,4096,1
51336704,12800,1
50281872,4096,1
50281880,16896,1
50281872,4096,1
3996096,12288,1
3996120,4096,1
51336704,4096,1
51336712,8704,1
51336704,4096,1
50281872,16896,1
3996128,8192,1
3996144,4096,1
50281872,4096,1
50281880,12800,1
50281872,4096,1
50281872,12800,1
3996152,12288,1
3996176,4096,1
50281872,4096,1
50281880,8704,1
50281872,4096,1
51669872,4096,1
3996184,36864,1
3996256,4096,1
51669880,4096,1
3996264,40960,1
3996344,4096,1
51669888,4096,1
3996352,45056,1
3996440,4096,1
49592384,12800,1
3996448,45056,1
3996536,4096,1
49592384,4096,1
49592392,8704,1
49592384,4096,1
51336704,12800,1
3996544,12288,1
3996568,4096,1
51336704,4096,1
51336712,8704,1
51336704,4096,1
50600968,4096,1
3996576,36864,1
3996648,4096,1
51336704,12800,1
50600976,4096,1
3996656,45056,1
3996744,4096,1
51336704,4096,1
51336712,8704,1
51336704,4096,1
51336704,12800,1
3996752,40960,1
3996832,4096,1
51336704,4096,1
51336712,8704,1
51336704,4096,1
51669896,4096,1
3996840,36864,1
3996912,4096,1
51336704,12800,1
3996920,40960,1
3997000,4096,1
51336704,4096,1
50600984,4096,1
3997008,36864,1
3997080,4096,1
50282016,8704,1
51336704,4096,1
49592384,12800,1
3997088,45056,1
3997176,4096,1
49592384,4096,1
49592392,8704,1
49592384,4096,1
51669904,4096,1
3997184,36864,1
3997256,4096,1
51154952,33280,1
49592384,12800,1
3997264,45056,1
3997352,4096,1
49592384,4096,1
49592392,8704,1
49592384,4096,1
51669912,4096,1
3997360,36864,1
3997432,4096,1
50368512,8704,1
3997440,40960,1
3997520,4096,1
50281872,12800,1
50867208,4096,1
3997528,40960,1
3997608,4096,1
3997616,40960,1
3997696,4096,1
50281872,4096,1
51336704,12800,1
4787784,8704,1
50281872,4096,1
3997704,12288,1
3997728,4096,1
51336704,4096,1
51336712,8704,1
51336704,4096,1
51336704,12800,1
3997736,8192,1
3997752,4096,1
51336704,4096,1
50867216,4096,1
51336712,8704,1
3997760,36864,1
3997832,4096,1
51336704,4096,1
57446416,29184,1
49592384,12800,1
3997840,45056,1
3997928,4096,1
49592384,4096,1
49592392,8704,1
49592384,4096,1
51669920,4096,1
3997936,36864,1
3998008,4096,1
50281872,20992,1
3998016,40960,1
3998096,4096,1
50281872,4096,1
50281880,16896,1
50281872,4096,1
50281872,25088,1
3998104,12288,1
3998128,4096,1
50281872,4096,1
50281880,20992,1
50281872,4096,1
50281872,12800,1
3998136,12288,1
3998160,4096,1
50281872,4096,1
50281880,8704,1
50281872,4096,1
51669928,4096,1
3998168,36864,1
3998240,4096,1
51059464,16896,1
3998248,45056,1
3998336,4096,1
51059464,4096,1
51059472,12800,1
51059464,4096,1
51155160,49664,1
49592384,12800,1
3998344,12288,1
3998368,4096,1
49592384,4096,1
49592392,8704,1
49592384,4096,1
49592384,12800,1
3998376,8192,1
3998392,4096,1
49592384,4096,1
49592392,8704,1
49592384,4096,1
51669936,4096,1
3998400,36864,1
3998472,4096,1
50281872,20992,1
3998480,40960,1
3998560,4096,1
50281872,4096,1
50281880,16896,1
50281872,4096,1
50281872,25088,1
3998568,12288,1
3998592,4096,1
50281872,4096,1
50281880,20992,1
50281872,4096,1
50281872,12800,1
3998600,12288,1
3998624,4096,1
50281872,4096,1
50281880,8704,1
50281872,4096,1
51669944,4096,1
3998632,36864,1
3998704,4096,1
51669952,4096,1
3998712,45056,1
3998800,4096,1
51155160,25088,1
3998808,49152,1
3998904,4096,1
51669960,8192,1
3998912,28672,1
3998968,4096,1
50630656,16896,1
3998976,36864,1
3999048,4096,1
49592384,12800,1
3999056,8192,1
3999072,4096,1
49592384,4096,1
49592392,8704,1
49592384,4096,1
51669976,4096,1
3999080,36864,1
3999152,4096,1
50281872,20992,1
3999160,40960,1
3999240,4096,1
50281872,4096,1
50281880,16896,1
50281872,4096,1
50281872,25088,1
3999248,12288,1
3999272,4096,1
50281872,4096,1
50281880,20992,1
50281872,4096,1
50281872,12800,1
3999280,12288,1
3999304,4096,1
50281872,4096,1
50281880,8704,1
50281872,4096,1
51669984,4096,1
3999312,36864,1
3999384,4096,1
6739544,53248,0
6739664,4096,0
50281872,4096,1
50281904,8192,1
51267192,4096,1
3999392,49152,1
3999488,4096,1
50281872,4096,1
50281880,4096,1
4770832,8192,1
50281872,4096,1
51336704,4096,1
51336736,8192,1
3999496,16384,1
3999528,4096,1
51336704,4096,1
51336712,4096,1
50282016,4096,1
51336704,4096,1
51669992,4096,1
3999536,36864,1
3999608,4096,1
50281872,4096,1
50281904,8192,1
51267192,8192,1
3999616,40960,1
3999696,4096,1
50281872,4096,1
51336704,4096,1
51336736,8192,1
4770952,8192,1
4787784,4096,1
50281880,4096,1
50281872,4096,1
3999704,12288,1
3999728,4096,1
51336704,4096,1
51336712,4096,1
50282016,4096,1
51336704,4096,1
51670000,4096,1
3999736,36864,1
3999808,4096,1
50281872,4096,1
50281904,8192,1
3999816,40960,1
3999896,4096,1
50281872,4096,1
50281880,4096,1
4787864,4096,1
50281872,4096,1
51336704,4096,1
51336736,8192,1
3999904,12288,1
3999928,4096,1
51336704,4096,1
51336712,4096,1
50282016,4096,1
51336704,4096,1
51336704,4096,1
51336736,8192,1
3999936,8192,1
3999952,4096,1
51336704,4096,1
51336712,4096,1
50282016,4096,1
51336704,4096,1
51336704,4096,1
51336736,8192,1
3999960,8192,1
3999976,4096,1
51336704,4096,1
51336712,4096,1
50282016,4096,1
51336704,4096,1
51336704,4096,1
51336736,8192,1
3999984,8192,1
4000000,4096,1
51336704,4096,1
51336712,4096,1
50282016,4096,1
51336704,4096,1
51336704,4096,1
51336736,8192,1
4000008,8192,1
4000024,4096,1
51336704,4096,1
51336712,4096,1
50282016,4096,1
51336704,4096,1
51336704,4096,1
51336736,8192,1
4000032,8192,1
4000048,4096,1
51336704,4096,1
51336712,4096,1
50282016,4096,1
51336704,4096,1
51336704,4096,1
51336736,8192,1
4000056,8192,1
4000072,4096,1
51336704,4096,1
51336712,4096,1
50282016,4096,1
51336704,4096,1
51336704,4096,1
51336736,8192,1
4000080,8192,1
4000096,4096,1
51336704,4096,1
51336712,4096,1
50282016,4096,1
51336704,4096,1
51336704,4096,1
51336736,8192,1
4000104,8192,1
4000120,4096,1
51336704,4096,1
51336712,4096,1
50282016,4096,1
51336704,4096,1
51336704,4096,1
51336736,8192,1
4000128,8192,1
4000144,4096,1
51336704,4096,1
51336712,4096,1
50282016,4096,1
50600992,4096,1
51336704,4096,1
4000152,36864,1
4000224,4096,1
49592384,4096,1
49592416,8192,1
4000232,40960,1
4000312,4096,1
49592384,4096,1
49592392,4096,1
49592448,4096,1
49592384,4096,1
51336704,4096,1
51336736,8192,1
4000320,12288,1
4000344,4096,1
51336704,4096,1
51336712,4096,1
50282016,4096,1
51336704,4096,1
50601000,4096,1
4000352,36864,1
4000424,4096,1
50281872,4096,1
50281904,8192,1
51267192,20480,1
4000432,40960,1
4000512,4096,1
50281872,4096,1
50281880,4096,1
4770720,12288,1
4770760,4096,1
4770960,4096,1
4787784,4096,1
50281872,4096,1
50601008,4096,1
4000520,36864,1
4000592,4096,1
51336704,4096,1
51336736,8192,1
4000600,40960,1
4000680,4096,1
51336704,4096,1
51670008,4096,1
50282016,4096,1
51336712,4096,1
4000688,36864,1
4000760,4096,1
51336704,4096,1
51336704,4096,1
51336736,8192,1
4000768,40960,1
4000848,4096,1
51336704,4096,1
51336712,4096,1
50282016,4096,1
51336704,4096,1
49592384,4096,1
49592416,8192,1
4000856,12288,1
4000880,4096,1
49592384,4096,1
49592392,4096,1
49592448,4096,1
49592384,4096,1
50601016,4096,1
4000888,36864,1
4000960,4096,1
50601024,4096,1
4000968,49152,1
4001064,4096,1
51336704,4096,1
51336736,8192,1
4001072,40960,1
4001152,4096,1
51336704,4096,1
51336712,4096,1
50282016,4096,1
50601032,4096,1
51336704,4096,1
4001160,36864,1
4001232,4096,1
51155080,4096,1
51155160,4096,1
51417088,4096,1
51417896,4096,1
51941720,4096,1
51941984,8704,1
4001240,40960,1
4001320,4096,1
51336704,12800,1
4001328,8192,1
4001344,4096,1
51336704,4096,1
51336712,8704,1
51336704,4096,1
51336704,12800,1
4001352,8192,1
4001368,4096,1
51336704,4096,1
50601040,4096,1
4001376,36864,1
4001448,4096,1
50282016,8704,1
51336704,4096,1
49592384,12800,1
4001456,45056,1
4001544,4096,1
49592384,4096,1
49592392,8704,1
49592384,4096,1
51670016,4096,1
4001552,36864,1
4001624,4096,1
4001632,40960,1
4001712,4096,1
3969040,45568,1
50281872,41472,1
4001720,36864,1
4001792,4096,1
4001800,4096,1
50281872,4096,1
50601056,24576,1
4001808,20480,1
4770800,33280,1
4001848,4096,1
4001856,8192,1
50281872,4096,1
4001872,4096,1
50601056,4096,1
50281872,4096,1
50281904,8192,1
4001880,33280,1
4001904,4096,1
50281872,4096,1
4001912,36864,1
4001984,4096,1
4787784,8704,1
50281872,4096,1
51336704,12800,1
4001992,28672,1
4002048,4096,1
51336704,4096,1
51336712,8704,1
51336704,4096,1
51336704,12800,1
4002056,8192,1
4002072,4096,1
51336704,4096,1
51336712,8704,1
51336704,4096,1
51670024,4096,1
4002080,36864,1
4002152,4096,1
50281872,20992,1
4002160,40960,1
4002240,4096,1
50281872,4096,1
50281880,16896,1
50281872,4096,1
51670032,4096,1
4002248,36864,1
4002320,4096,1
51336704,12800,1
4002328,40960,1
4002408,4096,1
51336704,4096,1
51336712,8704,1
51336704,4096,1
51336704,12800,1
4002416,8192,1
4002432,4096,1
51336704,4096,1
51336712,8704,1
51336704,4096,1
51336704,12800,1
4002440,8192,1
4002456,4096,1
51336704,4096,1
51336712,8704,1
51336704,4096,1
51670040,4096,1
4002464,36864,1
4002536,4096,1
49592384,12800,1
4002544,40960,1
4002624,4096,1
49592384,4096,1
49592392,8704,1
49592384,4096,1
50601104,4096,1
4002632,36864,1
4002704,4096,1
51336704,12800,1
4002712,40960,1
4002792,4096,1
51336704,4096,1
51336712,8704,1
51336704,4096,1
51670048,4096,1
4002800,36864,1
4002872,4096,1
50281872,20992,1
4002880,40960,1
4002960,4096,1
50281872,4096,1
50281880,16896,1
50281872,4096,1
51336704,12800,1
49592384,12800,1
4002968,16384,1
4003000,4096,1
51336704,4096,1
51336712,8704,1
51670056,4096,1
4003008,36864,1
4003080,4096,1
51336704,4096,1
49592384,4096,1
49592392,8704,1
49592384,4096,1
51336704,12800,1
4003088,45056,1
4003176,4096,1
51336704,4096,1
51336712,8704,1
51336704,4096,1
50601112,4096,1
51336704,12800,1
4003184,40960,1
4003264,4096,1
50281872,20992,1
49592384,12800,1
4003272,12288,1
4003296,4096,1
4003304,36864,1
51336704,4096,1
4003376,4096,1
51336712,8704,1
49592384,4096,1
51336704,4096,1
4003384,12288,1
49592392,8704,1
4003408,4096,1
50281872,4096,1
49592384,4096,1
50281880,16896,1
50281872,4096,1
50601120,4096,1
4003416,36864,1
4003488,4096,1
50601128,4096,1
4003496,45056,1
4003584,4096,1
51336704,12800,1
4003592,40960,1
4003672,4096,1
51336704,4096,1
51336712,8704,1
50281904,20992,1
51336704,4096,1
4003680,8192,1
4003696,4096,1
50281872,4096,1
51336704,12800,1
4770720,16896,1
4003704,12288,1
4003728,4096,1
50281872,4096,1
51336704,4096,1
51336712,8704,1
51336704,4096,1
50281872,16896,1
4003736,8192,1
4003752,4096,1
50281872,4096,1
50281880,12800,1
50281872,4096,1
50281872,12800,1
4003760,12288,1
4003784,4096,1
50281872,4096,1
50281880,8704,1
50281872,4096,1
50601136,4096,1
4003792,36864,1
4003864,4096,1
50601144,4096,1
4003872,40960,1
4003952,4096,1
50601152,4096,1
4003960,45056,1
4004048,4096,1
51670064,4096,1
4004056,49152,1
4004152,4096,1
50601160,4096,1
4004160,45056,1
4004248,4096,1
51670072,4096,1
4004256,49152,1
4004352,4096,1
51336704,12800,1
4004360,40960,1
4004440,4096,1
51336704,4096,1
51336712,8704,1
51336704,4096,1
51336704,12800,1
4004448,8192,1
4004464,4096,1
51336704,4096,1
51336712,8704,1
51336704,4096,1
50601168,4096,1
4004472,36864,1
4004544,4096,1
51336704,12800,1
4004552,40960,1
4004632,4096,1
51336704,4096,1
51336712,8704,1
51336704,4096,1
51670080,4096,1
4004640,36864,1
4004712,4096,1
51154952,37376,1
4004720,36864,1
4004792,4096,1
50368512,33280,1
51670088,4096,1
4004800,36864,1
4004872,4096,1
50281872,12800,1
4004880,40960,1
4004960,4096,1
50281872,4096,1
50281880,8704,1
50281872,4096,1
51336704,12800,1
4004968,12288,1
4004992,4096,1
51336704,4096,1
51336712,8704,1
51336704,4096,1
51336704,12800,1
50601176,4096,1
4005000,36864,1
4005072,4096,1
4005080,36864,1
4005152,4096,1
51336704,4096,1
51336712,8704,1
51336704,4096,1
51417088,66048,1
4005160,8192,1
4005176,4096,1
51670096,4096,1
4005184,36864,1
4005256,4096,1
51155216,8704,1
4005264,36864,1
4005336,4096,1
51417088,33280,1
51059464,16896,1
4005344,8192,1
4005360,4096,1
51059464,4096,1
51059472,12800,1
51059464,4096,1
4005368,8192,1
4005384,4096,1
51417896,4096,1
4819968,131072,0
4985520,131072,0
4806232,49152,0
4806360,12288,0
4806392,24576,0
4806448,4096,0
4806464,12288,0
4809072,8192,0
4809104,12288,0
4809168,32768,0
4808520,4096,0
4808480,16384,0
4808368,53248,0
18859264,77824,0
18859424,49152,0
4650616,4096,0
4650648,8192,0
4817680,36864,0
4817768,8192,0
4817792,8192,0
4817816,4096,0
4817840,49152,0
4650624,12288,0
4650664,4096,0
4810072,4096,0
4810088,8192,0
4810192,65536,0
4815056,4096,0
4815088,12288,0
4815128,4096,0
4815144,4096,0
4815168,4096,0
4806928,45056,0
4806896,8192,0
4806880,4096,0
4806840,16384,0
4806784,16384,0
4806768,4096,0
51670104,24576,1
4005392,40960,1
4005472,4096,1
19708968,4096,1
19709064,8192,1
4814072,28672,0
4814136,12288,0
4814176,36864,0
4814264,4096,0
4819304,28672,0
4819368,16384,0
4819408,4096,0
4819424,8192,0
4819448,4096,0
4819464,32768,0
4819552,4096,0
4807248,16384,0
4807088,65536,0
4807040,20480,0
4805920,8192,0
4805872,20480,0
4805720,73728,0
4005480,36864,1
4806616,77824,0
4005552,4096,1
4813720,4096,0
4813744,16384,0
4813784,8192,0
4813824,16384,0
4813864,8192,0
4813896,8192,0
4806568,24576,0
4806488,36864,0
19708968,4096,1
4820224,73728,0
4985776,12288,0
4985808,114688,0
19709024,4096,1
19711464,4096,1
4806200,4096,0
4806216,8192,0
4805696,12288,0
19708968,4096,1
4820648,4096,0
4820672,4096,0
4820688,16384,0
4820728,4096,0
4819936,16384,0
1478440,53248,0
1478552,36864,0
4815536,4096,0
4815576,12288,0
4815624,8192,0
4815656,16384,0
4812384,57344,0
4812368,4096,0
4812352,4096,0
4812328,8192,0
4812272,16384,0
4812256,4096,0
1478224,110592,0
1478064,81920,0
50204976,4096,0
51160616,4096,0
4646536,4096,0
19711784,8192,0
19711776,4096,0
4646512,4096,0
4650608,4096,0
50851016,86016,0
50850648,32768,0
50850568,36864,0
52512352,4096,1
52512384,8192,1
52512416,8192,1
4005560,36864,1
4005632,4096,1
52512352,4096,1
52512360,4096,1
5292608,4096,1
5292632,8192,1
52512352,4096,1
52512352,4096,1
52512384,8192,1
52512416,4096,1
4005640,8192,1
4005656,4096,1
52512352,4096,1
52512360,4096,1
5292600,4096,1
5292632,4096,1
52512352,4096,1
52512352,4096,1
52512384,8192,1
52512416,4096,1
4005664,8192,1
4005680,4096,1
52512352,4096,1
52512360,4096,1
5292600,4096,1
5292632,4096,1
52512352,4096,1
4809464,4096,0
4809504,8192,0
4809568,12288,0
4810320,45056,0
4810416,65536,0
51670152,24576,1
4005688,36864,1
4005760,4096,1
52512352,4096,1
52512384,8192,1
52512416,8192,1
4005768,36864,1
4005840,4096,1
52512352,4096,1
52512360,4096,1
5292608,4096,1
5292632,8192,1
52512352,4096,1
3969024,4096,1
4239624,4096,1
49582112,4096,1
51154952,4096,1
51155104,8192,1
51155192,33280,1
4005848,20480,1
4005888,4096,1
51670200,8192,1
4005896,32768,1
4005960,4096,1
51670216,8192,1
4005968,36864,1
4006040,4096,1
51670232,4096,1
4006048,49152,1
4006144,4096,1
51670240,4096,1
4006152,40960,1
4006232,4096,1
46960640,29184,1
47000160,4096,1
4006240,45056,1
4006328,4096,1
49592384,12800,1
4006336,8192,1
4006352,4096,1
49592384,4096,1
49592392,8704,1
49592384,4096,1
49592384,12800,1
4006360,8192,1
4006376,4096,1
49592384,4096,1
49592392,8704,1
49592384,4096,1
51670248,4096,1
4006384,36864,1
4006456,4096,1
50281872,20992,1
4006464,40960,1
4006544,4096,1
50281872,4096,1
50281880,16896,1
50281872,4096,1
50281872,25088,1
4006552,12288,1
4006576,4096,1
50281872,4096,1
50281880,20992,1
50281872,4096,1
50281872,12800,1
4006584,12288,1
4006608,4096,1
50281872,4096,1
50281880,8704,1
50281872,4096,1
51670256,4096,1
4006616,36864,1
4006688,4096,1
46960640,41472,1
4006696,40960,1
4006776,4096,1
50368512,37376,1
4646512,8704,1
4006784,8192,1
4006800,4096,1
19711776,4096,1
19711784,12800,1
19711776,4096,1
4006808,8192,1
4006824,4096,1
51155168,4096,1
51059464,16896,1
4006832,8192,1
4006848,4096,1
51059464,4096,1
51059472,12800,1
51059464,4096,1
51059536,4096,0
51059528,8192,1
51059496,8192,1
51059464,4096,1
4006856,8192,1
4006872,4096,1
51059464,4096,1
51059472,8192,1
51059560,8192,1
51670264,4096,1
4006880,20480,1
4006920,4096,1
51059464,4096,1
49592384,4096,1
49592416,8192,1
4006928,12288,1
4006952,4096,1
49592384,4096,1
49592392,4096,1
49592448,4096,1
49592384,4096,1
51670272,4096,1
4006960,36864,1
4007032,4096,1
50281872,4096,1
50281904,8192,1
51267192,8192,1
4007040,40960,1
4007120,4096,1
50281872,4096,1
50281880,4096,1
4770720,12288,1
50281872,4096,1
50281872,4096,1
50281904,8192,1
51267192,12288,1
4007128,12288,1
4007152,4096,1
50281872,4096,1
50281880,4096,1
4770952,4096,1
4770984,4096,1
4787784,4096,1
4787864,4096,1
50281872,4096,1
50281872,4096,1
50281904,8192,1
4007160,12288,1
4007184,4096,1
50281872,4096,1
50281880,4096,1
4787784,4096,1
50281872,4096,1
51670280,4096,1
4007192,36864,1
4007264,4096,1
51155160,4096,1
51417896,4096,1
51458200,4096,1
51941952,4096,1
50281872,4096,1
50281904,8192,1
51267192,4096,1
4007272,49152,1
4007368,4096,1
50281872,4096,1
50281880,4096,1
4770832,8192,1
50281872,4096,1
51336704,4096,1
51336736,8192,1
4007376,16384,1
4007408,4096,1
51336704,4096,1
51336712,4096,1
50282016,4096,1
51336704,4096,1
51336704,4096,1
51336736,8192,1
4007416,8192,1
4007432,4096,1
51336704,4096,1
51336712,4096,1
50282016,4096,1
51336704,4096,1
51336704,4096,1
51336736,8192,1
4007440,8192,1
4007456,4096,1
51336704,4096,1
51336712,4096,1
50282016,4096,1
51336704,4096,1
51670288,4096,1
4007464,36864,1
4007536,4096,1
50281872,4096,1
50281904,8192,1
51267192,8192,1
4007544,40960,1
4007624,4096,1
50281872,4096,1
50281880,4096,1
4770952,8192,1
4787784,4096,1
50281872,4096,1
51670296,4096,1
4007632,36864,1
4007704,4096,1
51336704,4096,1
51336736,8192,1
4007712,40960,1
4007792,4096,1
51336704,4096,1
51336712,4096,1
50282016,4096,1
51336704,4096,1
51336704,4096,1
51336736,8192,1
4007800,8192,1
4007816,4096,1
51336704,4096,1
50281872,4096,1
50281904,8192,1
50282016,4096,1
51336712,4096,1
51336704,4096,1
4007824,8192,1
4007840,4096,1
50281872,4096,1
51336704,4096,1
51336736,8192,1
4787864,4096,1
50281880,4096,1
50281872,4096,1
4007848,12288,1
4007872,4096,1
51336704,4096,1
51336712,4096,1
50282016,4096,1
51336704,4096,1
51336704,4096,1
51336736,8192,1
4007880,8192,1
4007896,4096,1
51336704,4096,1
51336712,4096,1
50282016,4096,1
51336704,4096,1
51336704,4096,1
51336736,8192,1
4007904,8192,1
4007920,4096,1
51336704,4096,1
51336712,4096,1
50282016,4096,1
51336704,4096,1
51336704,4096,1
51336736,8192,1
4007928,8192,1
4007944,4096,1
51336704,4096,1
51336712,4096,1
50282016,4096,1
51336704,4096,1
51336704,4096,1
51336736,8192,1
4007952,8192,1
4007968,4096,1
51336704,4096,1
51336712,4096,1
50282016,4096,1
51336704,4096,1
51336704,4096,1
51336736,8192,1
4007976,8192,1
4007992,4096,1
51336704,4096,1
51336712,4096,1
50282016,4096,1
51336704,4096,1
51670304,4096,1
4008000,36864,1
4008072,4096,1
51336704,4096,1
51336736,8192,1
4008080,40960,1
4008160,4096,1
51336704,4096,1
51336712,4096,1
50282016,4096,1
50867224,4096,1
51336704,4096,1
4008168,36864,1
4008240,4096,1
50281872,4096,1
50281904,8192,1
51267192,20480,1
4008248,40960,1
4008328,4096,1
50281872,4096,1
50281880,4096,1
4770720,12288,1
4770760,4096,1
4770960,4096,1
4787784,4096,1
50281872,4096,1
51336704,4096,1
51336736,8192,1
4008336,12288,1
4008360,4096,1
51336704,4096,1
51336712,4096,1
50282016,4096,1
51336704,4096,1
51670312,4096,1
4008368,36864,1
4008440,4096,1
51336704,4096,1
51336736,8192,1
4008448,40960,1
4008528,4096,1
51336704,4096,1
51336712,4096,1
50282016,4096,1
51336704,4096,1
49592384,4096,1
49592416,8192,1
4008536,12288,1
4008560,4096,1
49592384,4096,1
49592392,4096,1
49592448,4096,1
49592384,4096,1
49592384,4096,1
49592416,8192,1
4008568,8192,1
4008584,4096,1
49592384,4096,1
49592392,4096,1
49592448,4096,1
49592384,4096,1
50867232,4096,1
4008592,36864,1
4008664,4096,1
51336704,4096,1
51336736,8192,1
4008672,40960,1
4008752,4096,1
51336704,4096,1
50867240,4096,1
51336712,4096,1
50282016,4096,1
4008760,36864,1
4008832,4096,1
51336704,4096,1
49592384,4096,1
49592416,8192,1
4008840,45056,1
4008928,4096,1
49592384,4096,1
49592392,4096,1
49592448,4096,1
49592384,4096,1
51336704,4096,1
51336736,8192,1
4008936,12288,1
4008960,4096,1
51336704,4096,1
51336712,4096,1
50282016,4096,1
50601184,4096,1
4008968,36864,1
51336704,4096,1
4009040,4096,1
50601192,4096,1
4009048,40960,1
4009128,4096,1
51670320,4096,1
4009136,49152,1
4009232,4096,1
51336704,4096,1
51336736,8192,1
4009240,40960,1
4009320,4096,1
51336704,4096,1
51336712,4096,1
50282016,4096,1
51336704,4096,1
51336704,4096,1
51336736,8192,1
4009328,8192,1
4009344,4096,1
51336704,4096,1
51336712,4096,1
50282016,4096,1
51336704,4096,1
50601200,4096,1
4009352,36864,1
4009424,4096,1
49592384,4096,1
49592416,8192,1
4009432,40960,1
4009512,4096,1
49592384,4096,1
49592392,4096,1
49592448,4096,1
49592384,4096,1
50601208,4096,1
4009520,36864,1
4009592,4096,1
50601216,16384,1
4009600,61440,1
4009720,4096,1
49582224,4096,1
50368512,4096,1
50630656,4096,1
51155080,4096,1
51155160,4096,1
51417088,37376,1
4009728,32768,1
4009792,4096,1
50601248,8192,1
4009800,32768,1
4009864,4096,1
49582088,25088,1
4009872,36864,1
4009944,4096,1
52081376,12800,1
4009952,8192,1
4009968,4096,1
52081376,4096,1
52081384,8704,1
52081376,4096,1
3969024,33280,1
4009976,8192,1
4009992,4096,1
59019456,4096,1
1012736,61440,0
1012864,4096,0
1012880,20480,0
1012928,32768,0
51670328,4096,1
50281872,4096,1
50281904,8192,1
51267192,24576,1
4010000,36864,1
4010072,4096,1
4010080,4096,1
50281872,4096,1
51670336,24576,1
4770800,4096,1
4770952,4096,1
4770984,4096,1
4771064,8192,1
4787784,4096,1
4787864,33280,1
4010136,4096,1
50281872,4096,1
4010144,8192,1
4010160,4096,1
50281872,12800,1
51670336,4096,1
4531288,20992,1
4010168,40960,1
4010248,4096,1
50281872,4096,1
50281880,8704,1
50281872,4096,1
51336704,12800,1
4010256,28672,1
4010312,4096,1
51336704,4096,1
51336712,8704,1
51336704,4096,1
51336704,12800,1
4010320,8192,1
4010336,4096,1
51336704,4096,1
51336712,8704,1
51336704,4096,1
51670384,4096,1
4010344,32768,1
4010408,4096,1
51336704,12800,1
4010416,36864,1
4010488,4096,1
50281872,20992,1
51336704,4096,1
51336712,8704,1
4010496,8192,1
4010512,4096,1
51336704,4096,1
50281872,4096,1
50281880,16896,1
50281872,4096,1
51670392,4096,1
4010520,32768,1
4010584,4096,1
51336704,12800,1
4010592,36864,1
4010664,4096,1
51336704,4096,1
51336712,8704,1
51336704,4096,1
51336704,12800,1
4010672,8192,1
4010688,4096,1
51336704,4096,1
51336712,8704,1
51336704,4096,1
51670400,4096,1
4010696,36864,1
4010768,4096,1
49592384,12800,1
4010776,40960,1
4010856,4096,1
49592384,4096,1
49592392,8704,1
49592384,4096,1
51670408,4096,1
4010864,36864,1
4010936,4096,1
51336704,12800,1
4010944,40960,1
4011024,4096,1
51336704,4096,1
51336712,8704,1
51336704,4096,1
50601264,4096,1
4011032,36864,1
4011104,4096,1
51336704,12800,1
4011112,40960,1
4011192,4096,1
51336704,4096,1
51336712,8704,1
51336704,4096,1
51670416,4096,1
4011200,36864,1
4011272,4096,1
50281872,20992,1
4011280,40960,1
4011360,4096,1
50281872,4096,1
50281880,16896,1
50281872,4096,1
49592384,12800,1
4011368,16384,1
4011400,4096,1
49592384,4096,1
49592392,8704,1
49592384,4096,1
51336704,12800,1
4011408,12288,1
4011432,4096,1
51336704,4096,1
51336712,8704,1
51336704,4096,1
51670424,4096,1
4011440,32768,1
4011504,4096,1
50281872,20992,1
4011512,36864,1
4011584,4096,1
50281872,4096,1
50281880,16896,1
50281872,4096,1
51670432,4096,1
4011592,32768,1
4011656,4096,1
51336704,12800,1
51670440,4096,1
4011664,40960,1
4011744,4096,1
4011752,36864,1
4011824,4096,1
51336704,4096,1
51336712,8704,1
51336704,4096,1
51336704,12800,1
4011832,8192,1
4011848,4096,1
51336704,4096,1
51336712,8704,1
51336704,4096,1
50281872,20992,1
51336704,12800,1
4011856,8192,1
4011872,4096,1
50281872,4096,1
50281880,16896,1
50281872,4096,1
4011880,12288,1
4011904,4096,1
51336704,4096,1
51336712,8704,1
51336704,4096,1
50281872,16896,1
4011912,8192,1
4011928,4096,1
50281872,4096,1
50281880,12800,1
50281872,4096,1
50281872,12800,1
4011936,12288,1
4011960,4096,1
50281872,4096,1
50281880,8704,1
50281872,4096,1
51670448,4096,1
4011968,36864,1
4012040,4096,1
51670456,4096,1
4012048,40960,1
4012128,4096,1
51670464,4096,1
4012136,40960,1
4012216,4096,1
50867248,4096,1
4012224,45056,1
4012312,4096,1
49592384,12800,1
4012320,40960,1
4012400,4096,1
49592384,4096,1
49592392,8704,1
49592384,4096,1
51336704,12800,1
4012408,12288,1
4012432,4096,1
51336704,4096,1
51336712,8704,1
51336704,4096,1
51336704,12800,1
4012440,8192,1
4012456,4096,1
51336704,4096,1
51336712,8704,1
51336704,4096,1
51336704,12800,1
4012464,8192,1
4012480,4096,1
51336704,4096,1
51336712,8704,1
51336704,4096,1
51670472,4096,1
4012488,32768,1
4012552,4096,1
50601272,4096,1
4012560,36864,1
4012632,4096,1
51670480,4096,1
4012640,40960,1
4012720,4096,1
50281872,12800,1
4012728,40960,1
4012808,4096,1
50281872,4096,1
50281880,8704,1
50281872,4096,1
50281872,12800,1
4012816,12288,1
4012840,4096,1
50281872,4096,1
50281880,8704,1
50281872,4096,1
51336704,12800,1
4012848,12288,1
4012872,4096,1
51336704,4096,1
51336712,8704,1
51336704,4096,1
51336704,12800,1
4012880,8192,1
4012896,4096,1
51336704,4096,1
51336712,8704,1
51336704,4096,1
50867256,4096,1
4012904,36864,1
4012976,4096,1
50630656,37376,1
51336704,12800,1
4012984,40960,1
4013064,4096,1
51336704,4096,1
51336712,8704,1
51336704,4096,1
51336704,12800,1
4013072,8192,1
4013088,4096,1
51336704,4096,1
51336712,8704,1
51336704,4096,1
50601280,4096,1
4013096,36864,1
4013168,4096,1
51336704,12800,1
4013176,40960,1
4013256,4096,1
51336704,4096,1
51336712,8704,1
51336704,4096,1
51336704,12800,1
4013264,8192,1
4013280,4096,1
51336704,4096,1
51336712,8704,1
51336704,4096,1
51336704,12800,1
4013288,8192,1
4013304,4096,1
51336704,4096,1
51336712,8704,1
51336704,4096,1
51336704,12800,1
4013312,8192,1
4013328,4096,1
51336704,4096,1
51336712,8704,1
51336704,4096,1
51336704,12800,1
4013336,8192,1
4013352,4096,1
51336704,4096,1
51336712,8704,1
51336704,4096,1
51336704,12800,1
4013360,8192,1
4013376,4096,1
51336704,4096,1
51336712,8704,1
51336704,4096,1
51336704,12800,1
4013384,8192,1
4013400,4096,1
51336704,4096,1
50601288,4096,1
4013408,32768,1
50282016,8704,1
4013472,4096,1
51336704,4096,1
49592384,12800,1
4013480,45056,1
4013568,4096,1
49592384,4096,1
49592392,8704,1
49592384,4096,1
51670488,4096,1
4013576,36864,1
4013648,4096,1
51336704,12800,1
4013656,40960,1
4013736,4096,1
50601296,4096,1
51336704,4096,1
4013744,36864,1
4013816,4096,1
50282016,8704,1
51336704,4096,1
50281872,33280,1
4013824,40960,1
4013904,4096,1
50281872,4096,1
50281880,29184,1
50281872,4096,1
51336704,12800,1
4013912,12288,1
4013936,4096,1
51336704,4096,1
51336712,8704,1
51336704,4096,1
51336704,12800,1
4013944,8192,1
4013960,4096,1
50867264,4096,1
51336704,4096,1
4013968,36864,1
4014040,4096,1
50282016,8704,1
51336704,4096,1
51336704,12800,1
4014048,40960,1
4014128,4096,1
51336704,4096,1
51336712,8704,1
51336704,4096,1
51336704,12800,1
4014136,8192,1
4014152,4096,1
51336704,4096,1
51336712,8704,1
51336704,4096,1
51670496,4096,1
4014160,36864,1
4014232,4096,1
49592384,12800,1
4014240,40960,1
4014320,4096,1
49592384,4096,1
49592392,8704,1
49592384,4096,1
51670504,4096,1
4014328,36864,1
4014400,4096,1
50368512,12800,1
4014408,40960,1
4014488,4096,1
51417088,37376,1
51670512,4096,1
4014496,36864,1
4014568,4096,1
51155216,4096,1
4014576,40960,1
4014656,4096,1
51336704,12800,1
4014664,8192,1
4014680,4096,1
51336704,4096,1
51336712,8704,1
51336704,4096,1
51336704,12800,1
4014688,8192,1
4014704,4096,1
51336704,4096,1
51336712,8704,1
51336704,4096,1
51670520,4096,1
4014712,36864,1
4014784,4096,1
49592384,12800,1
4014792,40960,1
4014872,4096,1
49592384,4096,1
49592392,8704,1
49592384,4096,1
51670528,4096,1
4014880,36864,1
4014952,4096,1
51336704,12800,1
4014960,40960,1
4015040,4096,1
51336704,4096,1
51336712,8704,1
51336704,4096,1
51336704,12800,1
4015048,8192,1
4015064,4096,1
51336704,4096,1
51670536,4096,1
50282016,8704,1
4015072,36864,1
4015144,4096,1
51336704,4096,1
49592384,12800,1
4015152,45056,1
4015240,4096,1
49592384,4096,1
49592392,8704,1
49592384,4096,1
50867272,4096,1
4015248,36864,1
4015320,4096,1
50630656,12800,1
4015328,40960,1
4015408,4096,1
51417088,37376,1
50281872,25088,1
4015416,8192,1
4015432,4096,1
50281872,4096,1
50281880,20992,1
50281872,4096,1
50281872,12800,1
4015440,12288,1
4015464,4096,1
50281872,4096,1
50281880,8704,1
50281872,4096,1
51336704,12800,1
4015472,12288,1
4015496,4096,1
51336704,4096,1
51336712,8704,1
51336704,4096,1
51336704,12800,1
4015504,8192,1
4015520,4096,1
51336704,4096,1
51336712,8704,1
51336704,4096,1
51336704,12800,1
4015528,8192,1
4015544,4096,1
51336704,4096,1
51336712,8704,1
51336704,4096,1
50601304,4096,1
4015552,36864,1
4015624,4096,1
50281872,20992,1
4015632,40960,1
4015712,4096,1
50281872,4096,1
50281880,16896,1
50281872,4096,1
50601312,4096,1
4015720,36864,1
4015792,4096,1
51336704,12800,1
4015800,40960,1
4015880,4096,1
51336704,4096,1
51336712,8704,1
51336704,4096,1
51336704,12800,1
4015888,8192,1
4015904,4096,1
51336704,4096,1
51336712,8704,1
51336704,4096,1
50601320,4096,1
4015912,36864,1
4015984,4096,1
49592384,12800,1
4015992,40960,1
4016072,4096,1
49592384,4096,1
49592392,8704,1
49592384,4096,1
49592384,12800,1
4016080,8192,1
4016096,4096,1
49592384,4096,1
49592392,8704,1
49592384,4096,1
51336704,12800,1
4016104,12288,1
4016128,4096,1
51336704,4096,1
51336712,8704,1
51336704,4096,1
51670544,4096,1
4016136,36864,1
4016208,4096,1
51670552,4096,1
4016216,40960,1
4016296,4096,1
49592384,12800,1
4016304,45056,1
4016392,4096,1
49592384,4096,1
49592392,8704,1
49592384,4096,1
51670560,4096,1
51336704,12800,1
4016400,40960,1
4016480,4096,1
4016488,40960,1
4016568,4096,1
51336704,4096,1
51336712,8704,1
50281904,20992,1
51336704,4096,1
4016576,8192,1
4016592,4096,1
50281872,4096,1
50281880,16896,1
50281872,4096,1
50281872,25088,1
4016600,12288,1
4016624,4096,1
50281872,4096,1
50281880,20992,1
51336704,12800,1
50281872,4096,1
4016632,12288,1
4016656,4096,1
51336704,4096,1
51336712,8704,1
51336704,4096,1
50281872,12800,1
4016664,8192,1
4016680,4096,1
50281872,4096,1
50281880,8704,1
50281872,4096,1
51670568,4096,1
4016688,32768,1
4016752,4096,1
51670576,4096,1
4016760,40960,1
4016840,4096,1
50281872,20992,1
4016848,40960,1
4016928,4096,1
50281872,4096,1
50281880,16896,1
50281872,4096,1
51670584,4096,1
4016936,36864,1
4017008,4096,1
50601328,4096,1
4017016,40960,1
4017096,4096,1
50601336,4096,1
4017104,40960,1
4017184,4096,1
49592384,12800,1
4017192,40960,1
4017272,4096,1
49592384,4096,1
49592392,8704,1
49592384,4096,1
51336704,12800,1
4017280,12288,1
4017304,4096,1
51336704,4096,1
51336712,8704,1
51336704,4096,1
50601344,4096,1
4017312,32768,1
4017376,4096,1
50601352,4096,1
4017384,40960,1
4017464,4096,1
51336704,12800,1
4017472,40960,1
4017552,4096,1
51336704,4096,1
51336712,8704,1
50601360,4096,1
4017560,36864,1
4017632,4096,1
51336704,4096,1
51336704,12800,1
4017640,40960,1
4017720,4096,1
51336704,4096,1
51336712,8704,1
51336704,4096,1
51336704,12800,1
4017728,8192,1
4017744,4096,1
51336704,4096,1
51336712,8704,1
51336704,4096,1
50867280,4096,1
4017752,36864,1
4017824,4096,1
49592384,12800,1
4017832,40960,1
4017912,4096,1
49592384,4096,1
49592392,8704,1
49592384,4096,1
50867288,4096,1
4017920,36864,1
4017992,4096,1
50368512,12800,1
4018000,40960,1
4018080,4096,1
50630656,37376,1
50281872,37376,1
4018088,8192,1
4018104,4096,1
50281872,4096,1
50281880,33280,1
50281872,4096,1
50281872,12800,1
4018112,12288,1
4018136,4096,1
50281872,4096,1
50281880,8704,1
50281872,4096,1
51336704,12800,1
4018144,12288,1
4018168,4096,1
51336704,4096,1
51336712,8704,1
51336704,4096,1
51336704,12800,1
4018176,8192,1
4018192,4096,1
51336704,4096,1
51336712,8704,1
51336704,4096,1
51336704,12800,1
4018200,8192,1
4018216,4096,1
51336704,4096,1
51336712,8704,1
51336704,4096,1
51670592,4096,1
4018224,32768,1
4018288,4096,1
50281872,20992,1
4018296,36864,1
4018368,4096,1
50281872,4096,1
50281880,16896,1
50281872,4096,1
50601368,4096,1
4018376,32768,1
4018440,4096,1
51336704,12800,1
4018448,36864,1
4018520,4096,1
51336704,4096,1
51336712,8704,1
51336704,4096,1
51336704,12800,1
4018528,8192,1
4018544,4096,1
51336704,4096,1
51336712,8704,1
51336704,4096,1
50601376,4096,1
4018552,36864,1
4018624,4096,1
51336704,12800,1
4018632,40960,1
4018712,4096,1
51336704,4096,1
51336712,8704,1
49592384,12800,1
51336704,4096,1
4018720,12288,1
4018744,4096,1
50601384,4096,1
49592384,4096,1
49592392,8704,1
4018752,36864,1
4018824,4096,1
49592384,4096,1
51670600,4096,1
4018832,45056,1
4018920,4096,1
51336704,12800,1
4018928,40960,1
4019008,4096,1
51336704,4096,1
51336712,8704,1
51336704,4096,1
50601392,4096,1
4019016,36864,1
4019088,4096,1
50281872,20992,1
4019096,40960,1
4019176,4096,1
50281872,4096,1
50281880,16896,1
50281872,4096,1
49592384,12800,1
4019184,16384,1
4019216,4096,1
49592384,4096,1
49592392,8704,1
49592384,4096,1
51336704,12800,1
4019224,12288,1
4019248,4096,1
51336704,4096,1
51336712,8704,1
51336704,4096,1
51670608,4096,1
4019256,32768,1
4019320,4096,1
50281872,20992,1
4019328,36864,1
4019400,4096,1
50281872,4096,1
50281880,16896,1
50281872,4096,1
51336704,12800,1
4019408,12288,1
4019432,4096,1
51336704,4096,1
51336712,8704,1
51336704,4096,1
50867296,4096,1
4019440,32768,1
4019504,4096,1
50867304,4096,1
51336704,12800,1
4019512,45056,1
4019600,4096,1
4019608,40960,1
4019688,4096,1
51336704,4096,1
51336712,8704,1
51336704,4096,1
50281872,20992,1
4019696,8192,1
4019712,4096,1
50281872,4096,1
50281880,16896,1
50281872,4096,1
50281872,16896,1
4019720,12288,1
4019744,4096,1
50281872,4096,1
50281880,12800,1
50281872,4096,1
50281872,12800,1
4019752,12288,1
4019776,4096,1
50281872,4096,1
50281880,8704,1
50281872,4096,1
50601400,4096,1
4019784,36864,1
4019856,4096,1
50601408,4096,1
4019864,45056,1
4019952,4096,1
50867312,4096,1
4019960,45056,1
4020048,4096,1
50601416,4096,1
4020056,45056,1
49592384,12800,1
4020144,4096,1
4020152,40960,1
4020232,4096,1
49592384,4096,1
49592392,8704,1
49592384,4096,1
51336704,12800,1
4020240,12288,1
4020264,4096,1
51336704,4096,1
51336712,8704,1
51336704,4096,1
50601424,4096,1
51336704,12800,1
4020272,32768,1
4020336,4096,1
4020344,32768,1
4020408,4096,1
51670616,4096,1
51336704,4096,1
4020416,32768,1
4020480,4096,1
50282016,8704,1
51336704,4096,1
50867320,4096,1
4020488,45056,1
4020576,4096,1
51336704,12800,1
50601432,4096,1
4020584,45056,1
4020672,4096,1
4020680,4096,1
51336704,4096,1
51336712,8704,1
51336704,4096,1
51336704,12800,1
4020688,40960,1
4020768,4096,1
51336704,4096,1
51336712,8704,1
51336704,4096,1
51336704,12800,1
4020776,8192,1
4020792,4096,1
51336704,4096,1
51336712,8704,1
51336704,4096,1
50601440,4096,1
4020800,36864,1
4020872,4096,1
51336704,12800,1
4020880,40960,1
4020960,4096,1
51336704,4096,1
51336712,8704,1
51670624,4096,1
51336704,4096,1
4020968,36864,1
4021040,4096,1
49592384,12800,1
4021048,40960,1
4021128,4096,1
49592384,4096,1
49592392,8704,1
49592384,4096,1
50601448,4096,1
4021136,36864,1
4021208,4096,1
51336704,12800,1
4021216,40960,1
4021296,4096,1
51336704,4096,1
51336712,8704,1
51336704,4096,1
51336704,12800,1
4021304,8192,1
4021320,4096,1
51336704,4096,1
51336712,8704,1
51336704,4096,1
51670632,4096,1
4021328,36864,1
4021400,4096,1
49592384,12800,1
4021408,40960,1
4021488,4096,1
49592384,4096,1
49592392,8704,1
49592384,4096,1
51670640,4096,1
4021496,36864,1
4021568,4096,1
51336704,12800,1
4021576,40960,1
4021656,4096,1
51336704,4096,1
51336712,8704,1
51336704,4096,1
51336704,12800,1
4021664,8192,1
4021680,4096,1
51336704,4096,1
51336712,8704,1
51670648,4096,1
51336704,4096,1
4021688,36864,1
4021760,4096,1
49592384,12800,1
4021768,40960,1
4021848,4096,1
49592384,4096,1
49592392,8704,1
49592384,4096,1
50601456,4096,1
4021856,36864,1
4021928,4096,1
51336704,12800,1
4021936,40960,1
4022016,4096,1
51336704,4096,1
51336712,8704,1
51336704,4096,1
51417088,45568,1
51336704,12800,1
4022024,8192,1
4022040,4096,1
51336704,4096,1
51336712,8704,1
51336704,4096,1
50601464,4096,1
4022048,36864,1
4022120,4096,1
49592384,12800,1
4022128,40960,1
4022208,4096,1
49592384,4096,1
49592392,8704,1
49592384,4096,1
49592384,12800,1
4022216,8192,1
4022232,4096,1
49592384,4096,1
49592392,8704,1
49592384,4096,1
50601472,4096,1
4022240,36864,1
4022312,4096,1
51336704,12800,1
4022320,40960,1
4022400,4096,1
51336704,4096,1
51336712,8704,1
51336704,4096,1
51336704,12800,1
4022408,8192,1
4022424,4096,1
51336704,4096,1
51336712,8704,1
51336704,4096,1
51670656,4096,1
4022432,36864,1
4022504,4096,1
49592384,12800,1
4022512,40960,1
4022592,4096,1
49592384,4096,1
49592392,8704,1
49592384,4096,1
50601480,4096,1
4022600,36864,1
4022672,4096,1
50281872,37376,1
4022680,40960,1
4022760,4096,1
50281872,4096,1
50281880,33280,1
50281872,4096,1
50281872,12800,1
4022768,12288,1
4022792,4096,1
50281872,4096,1
50281880,8704,1
50281872,4096,1
51336704,12800,1
4022800,12288,1
4022824,4096,1
51336704,4096,1
51336712,8704,1
51336704,4096,1
51336704,12800,1
4022832,8192,1
4022848,4096,1
51336704,4096,1
51336712,8704,1
51336704,4096,1
50601488,4096,1
4022856,36864,1
4022928,4096,1
50281872,20992,1
4022936,40960,1
4023016,4096,1
50281872,4096,1
50281880,16896,1
50281872,4096,1
50601496,4096,1
4023024,36864,1
4023096,4096,1
51336704,12800,1
4023104,40960,1
4023184,4096,1
51336704,4096,1
51336712,8704,1
51336704,4096,1
51336704,12800,1
4023192,8192,1
4023208,4096,1
51336704,4096,1
51336712,8704,1
51336704,4096,1
51336704,12800,1
4023216,8192,1
4023232,4096,1
51336704,4096,1
51336712,8704,1
51336704,4096,1
50867328,4096,1
4023240,36864,1
4023312,4096,1
49592384,12800,1
4023320,40960,1
4023400,4096,1
49592384,4096,1
49592392,8704,1
49592384,4096,1
50601504,4096,1
4023408,40960,1
4023488,4096,1
51336704,12800,1
4023496,40960,1
4023576,4096,1
50601512,4096,1
51336704,4096,1
4023584,32768,1
4023648,4096,1
50282016,8704,1
51336704,4096,1
51336704,12800,1
4023656,40960,1
4023736,4096,1
51336704,4096,1
51336712,8704,1
51336704,4096,1
51670664,4096,1
4023744,36864,1
4023816,4096,1
50281872,20992,1
4023824,40960,1
4023904,4096,1
50281872,4096,1
50281880,16896,1
50281872,4096,1
49592384,12800,1
51336704,12800,1
4023912,16384,1
4023944,4096,1
49592384,4096,1
49592392,8704,1
4023952,8192,1
4023968,4096,1
49592384,4096,1
51336704,4096,1
51336712,8704,1
51336704,4096,1
50601520,4096,1
4023976,36864,1
4024048,4096,1
50281872,20992,1
4024056,40960,1
4024136,4096,1
50281872,4096,1
50281880,16896,1
50281872,4096,1
50601528,4096,1
4024144,36864,1
4024216,4096,1
50601536,4096,1
4024224,40960,1
4024304,4096,1
51336704,12800,1
4024312,40960,1
4024392,4096,1
51336704,4096,1
51336712,8704,1
51336704,4096,1
51336704,12800,1
4024400,8192,1
4024416,4096,1
51336704,4096,1
51336712,8704,1
51336704,4096,1
51670672,4096,1
4024424,36864,1
4024496,4096,1
50281872,20992,1
4024504,40960,1
4024584,4096,1
50281872,4096,1
50281880,16896,1
50281872,4096,1
50281872,16896,1
4024592,12288,1
4024616,4096,1
50281872,4096,1
50281880,12800,1
50281872,4096,1
50281872,12800,1
4024624,12288,1
4024648,4096,1
50281872,4096,1
50281880,8704,1
50281872,4096,1
51670680,4096,1
4024656,32768,1
4024720,4096,1
51670688,4096,1
4024728,40960,1
4024808,4096,1
50601544,4096,1
4024816,45056,1
4024904,4096,1
51336704,12800,1
4024912,40960,1
4024992,4096,1
51336704,4096,1
51336712,8704,1
51336704,4096,1
51336704,12800,1
4025000,8192,1
4025016,4096,1
51336704,4096,1
51336712,8704,1
51336704,4096,1
51336704,12800,1
4025024,8192,1
4025040,4096,1
51336704,4096,1
51336712,8704,1
51336704,4096,1
51670696,4096,1
4025048,32768,1
4025112,4096,1
49592384,12800,1
4025120,36864,1
4025192,4096,1
49592384,4096,1
49592392,8704,1
49592384,4096,1
50601552,4096,1
4025200,32768,1
4025264,4096,1
50601560,4096,1
4025272,45056,1
4025360,4096,1
50630656,12800,1
51336704,12800,1
4025368,40960,1
4025448,4096,1
51336704,4096,1
51336712,8704,1
51336704,4096,1
50601568,4096,1
4025456,36864,1
4025528,4096,1
51941656,4096,1
4025536,36864,1
4025608,4096,1
49592384,12800,1
4025616,8192,1
4025632,4096,1
49592384,4096,1
49592392,8704,1
49592384,4096,1
51670704,4096,1
4025640,36864,1
4025712,4096,1
50281872,20992,1
4025720,40960,1
4025800,4096,1
50281872,4096,1
50281880,16896,1
50281872,4096,1
50281872,25088,1
4025808,12288,1
4025832,4096,1
50281872,4096,1
50281880,20992,1
50281872,4096,1
50281872,12800,1
4025840,12288,1
4025864,4096,1
50281872,4096,1
50281880,8704,1
50281872,4096,1
51670712,4096,1
4025872,36864,1
4025944,4096,1
51336704,12800,1
4025952,40960,1
4026032,4096,1
51336704,4096,1
51336712,8704,1
51336704,4096,1
51336704,12800,1
4026040,8192,1
4026056,4096,1
50601576,4096,1
51336704,4096,1
4026064,28672,1
4026120,4096,1
50282016,8704,1
51336704,4096,1
51941968,12800,1
4026128,36864,1
4026200,4096,1
51670720,8192,1
4026208,36864,1
4026280,4096,1
51670736,4096,1
4026288,36864,1
4026360,4096,1
51670744,4096,1
4026368,61440,1
4026488,4096,1
50281872,12800,1
4026496,40960,1
4026576,4096,1
50281872,4096,1
50281880,8704,1
50281872,4096,1
50281872,12800,1
4026584,12288,1
4026608,4096,1
50281872,4096,1
50281880,8704,1
50281872,4096,1
50637992,4096,0
50638008,4096,0
50638024,65536,0
50638160,8192,0
50638184,32768,0
51336704,4096,1
51336736,8192,1
4026616,12288,1
4026640,4096,1
51336704,4096,1
51336712,4096,1
50282016,4096,1
51336704,4096,1
51336704,4096,1
51336736,8192,1
50867336,4096,1
4026648,32768,1
4026712,4096,1
51336704,4096,1
51336712,4096,1
50282016,4096,1
51336704,4096,1
51417088,4096,1
57446416,4096,1
49582088,8192,1
49582200,4096,1
49582224,4096,1
49586232,29184,1
51059464,16896,1
4026720,40960,1
4026800,4096,1
51059464,4096,1
51059472,12800,1
51059464,4096,1
49592384,12800,1
4026808,12288,1
4026832,4096,1
49592384,4096,1
49592392,8704,1
49592384,4096,1
51670752,4096,1
4026840,32768,1
4026904,4096,1
50281872,20992,1
4026912,36864,1
4026984,4096,1
50281872,4096,1
50281880,16896,1
50281872,4096,1
50281872,37376,1
4026992,12288,1
4027016,4096,1
50281872,4096,1
50281880,33280,1
50281872,4096,1
50281872,12800,1
4027024,12288,1
4027048,4096,1
50281872,4096,1
50281880,8704,1
50281872,4096,1
51670760,4096,1
4027056,36864,1
4027128,4096,1
50368512,16896,1
51336704,12800,1
50281872,16896,1
4027136,49152,1
4027232,4096,1
51336704,4096,1
51336712,8704,1
51336704,4096,1
4027240,8192,1
4027256,4096,1
50281872,4096,1
50281880,12800,1
50281872,4096,1
51336704,12800,1
4027264,16384,1
4027296,4096,1
51336704,4096,1
51336712,8704,1
51336704,4096,1
51336704,12800,1
4027304,8192,1
4027320,4096,1
51336704,4096,1
51336712,8704,1
51336704,4096,1
50867344,4096,1
4027328,36864,1
4027400,4096,1
50281872,12800,1
4027408,40960,1
4027488,4096,1
50281872,4096,1
51336704,12800,1
4787864,8704,1
4027496,12288,1
4027520,4096,1
50281872,4096,1
51336704,4096,1
51336712,8704,1
51336704,4096,1
51336704,12800,1
4027528,8192,1
4027544,4096,1
51336704,4096,1
51336712,8704,1
51336704,4096,1
51336704,12800,1
4027552,8192,1
4027568,4096,1
51336704,4096,1
51336712,8704,1
51336704,4096,1
51336704,12800,1
4027576,8192,1
4027592,4096,1
51336704,4096,1
51336712,8704,1
51336704,4096,1
51336704,12800,1
4027600,8192,1
4027616,4096,1
51336704,4096,1
51336712,8704,1
51336704,4096,1
51336704,12800,1
4027624,8192,1
4027640,4096,1
51336704,4096,1
51336712,8704,1
51336704,4096,1
51336704,12800,1
4027648,8192,1
4027664,4096,1
51336704,4096,1
51336712,8704,1
51336704,4096,1
51336704,12800,1
4027672,8192,1
4027688,4096,1
50867352,4096,1
51336704,4096,1
4027696,32768,1
4027760,4096,1
50282016,8704,1
51336704,4096,1
49592384,12800,1
4027768,45056,1
4027856,4096,1
49592384,4096,1
49592392,8704,1
49592384,4096,1
51336704,12800,1
4027864,12288,1
4027888,4096,1
51336704,4096,1
51336712,8704,1
51336704,4096,1
51670768,4096,1
4027896,36864,1
4027968,4096,1
50281872,33280,1
4027976,40960,1
4028056,4096,1
50281872,4096,1
50281880,29184,1
50281872,4096,1
50601584,4096,1
4028064,36864,1
4028136,4096,1
51336704,12800,1
4028144,40960,1
4028224,4096,1
51336704,4096,1
51336712,8704,1
51336704,4096,1
51336704,12800,1
4028232,8192,1
4028248,4096,1
51336704,4096,1
51336712,8704,1
51670776,4096,1
51336704,4096,1
4028256,36864,1
4028328,4096,1
50281872,12800,1
4028336,45056,1
4028424,4096,1
50281872,4096,1
50281880,8704,1
50281872,4096,1
50281872,16896,1
4028432,12288,1
4028456,4096,1
50281872,4096,1
50281880,12800,1
50281872,4096,1
50281872,16896,1
4028464,16384,1
4028496,4096,1
50281872,4096,1
50281880,12800,1
50281872,4096,1
50601592,4096,1
4028504,32768,1
4028568,4096,1
